Time,ECG,Pressure,R_Peaks,mean_hr,hrv_scale,Phase_Bin,Normalized_Pressure
0.0,0.001684486749771458,77.5,0,100,3.0,0,0.0
0.005,0.00456624331333666,77.5,0,100,3.0,0,0.0
0.01,0.011079731271581421,77.5,0,100,3.0,0,0.0
0.015,0.024064571490409,77.5,0,100,3.0,0,0.0
0.02,0.046784906529573234,77.5,0,100,3.0,0,0.0
0.025,0.08141644351188804,77.5,0,100,3.0,0,0.0
0.03,0.12682276464025305,77.5,0,100,3.0,0,0.0
0.035,0.1768320708657512,77.5,0,100,3.0,0,0.0
0.04,0.22070063230473494,77.5,0,100,3.0,0,0.0
0.045,0.24656126505113576,77.5,0,100,3.0,0,0.0
0.05,0.24656126505724016,77.5,0,100,3.0,0,0.0
0.055,0.220700632329898,77.5,0,100,3.0,0,0.0
0.06,0.17683207093748562,77.5,0,100,3.0,0,0.0
0.065,0.12682276483597799,77.5,0,100,3.0,0,0.0
0.07,0.08141644409447898,77.5,0,100,3.0,0,0.0
0.075,0.04678490952598309,77.5,0,100,3.0,0,0.0
0.08,0.024064605020532023,77.5,0,100,3.0,0,0.0
0.085,0.011080171739334697,77.5,0,100,3.0,0,0.0
0.09,0.004571212771509492,77.5,0,100,3.0,0,0.0
0.095,0.0017299316936037438,77.5,0,100,3.0,0,0.0
0.1,0.0008899431850697582,77.5,0,100,3.0,0,0.0
0.105,0.002128806368910263,77.5,0,100,3.0,0,0.0
0.11,0.009309664818487698,77.5,0,100,3.0,0,0.0
0.115,0.03503263543368747,77.5,0,100,3.0,0,0.0
0.12,0.10606267793605692,77.5,0,100,3.0,0,0.0
0.125,0.25734927343160535,77.5,0,100,3.0,0,0.0
0.13,0.5003202479539708,77.5,0,100,3.0,0,0.0
0.135,0.7793067891790435,77.5,0,100,3.0,0,0.0
0.14,0.9720477407234077,77.5,0,100,3.0,0,0.0
0.145,0.967267334488097,77.5,0,100,3.0,0,0.0
0.15,0.7505869905515209,77.5,0,100,3.0,0,0.0
0.155,0.4028369574773956,77.5,0,100,3.0,0,0.0
0.16,0.04553881263121314,77.5,0,100,3.0,0,0.0
0.165,-0.189138810908105,77.5,0,100,3.0,0,0.0
0.17,-0.22868072635956738,77.5,0,100,3.0,0,0.0
0.175,-0.14104670682394166,77.5,0,100,3.0,0,0.0
0.18,-0.051158381651102834,77.5,0,100,3.0,0,0.0
0.185,-0.008206426846427752,77.5,0,100,3.0,0,0.0
0.19,0.005350271385530505,77.5,0,100,3.0,0,0.0
0.195,0.01084668799215426,77.5,0,100,3.0,0,0.0
0.2,0.016256859896386415,77.5,0,100,3.0,0,0.0
0.205,0.02345021205790711,77.5,0,100,3.0,0,0.0
0.21,0.0330621597308209,77.5,0,100,3.0,0,0.0
0.215,0.04559141319943196,77.5,0,100,3.0,0,0.0
0.22,0.06149084917446989,77.5,0,100,3.0,0,0.0
0.225,0.08111733445924295,77.5,0,100,3.0,0,0.0
0.23,0.1046628598272375,77.5,0,100,3.0,0,0.0
0.235,0.1320831047748631,77.5,0,100,3.0,0,0.0
0.24,0.16303381314489318,77.5,0,100,3.0,0,0.0
0.245,0.19682662652900276,77.5,0,100,3.0,0,0.0
0.25,0.23241585813229,77.5,0,100,3.0,0,0.0
0.255,0.26842527782774417,77.5,0,100,3.0,0,0.0
0.26,0.30321927900592993,77.5,0,100,3.0,0,0.0
0.265,0.3350163137995362,77.5,0,100,3.0,0,0.0
0.27,0.3620352400956416,77.5,0,100,3.0,0,0.0
0.275,0.3826586036805073,77.5,0,100,3.0,0,0.0
0.28,0.39559233134833227,77.5,0,100,3.0,0,0.0
0.285,0.4,77.5,0,100,3.0,0,0.0
0.29,0.39559233134833227,77.5,0,100,3.0,0,0.0
0.295,0.3826586036805073,77.5,0,100,3.0,0,0.0
0.3,0.3620352400956416,77.5,0,100,3.0,0,0.0
0.305,0.3350163137995362,77.5,0,100,3.0,0,0.0
0.31,0.3032192790059296,77.5,0,100,3.0,0,0.0
0.315,0.26842527782774417,77.5,0,100,3.0,0,0.0
0.32,0.23241585813229,77.5,0,100,3.0,0,0.0
0.325,0.19682662652900276,77.5,0,100,3.0,0,0.0
0.33,0.16303381314489318,77.5,0,100,3.0,0,0.0
0.335,0.13208310477486307,77.5,0,100,3.0,0,0.0
0.34,0.10466285982723562,77.5,0,100,3.0,0,0.0
0.345,0.08111733445917907,77.5,0,100,3.0,0,0.0
0.35,0.06149084917398798,77.5,0,100,3.0,0,0.0
0.355,0.04559141333598128,77.5,0,100,3.0,0,0.0
0.36,0.03306217087257399,77.5,0,100,3.0,0,0.0
0.365,0.02345067901074276,77.5,0,100,3.0,0,0.0
0.37,0.016268788896435526,77.5,0,100,3.0,0,0.0
0.375,0.011039026374860051,77.5,0,100,3.0,0,0.0
0.38,0.007326255555493689,77.5,0,100,3.0,0,0.0
0.385,0.0047556414315231815,77.5,0,100,3.0,0,0.0
0.39,0.0030193390635632803,77.5,0,100,3.0,0,0.0
0.395,0.001874953127946523,77.5,0,100,3.0,0,0.0
0.4,0.0011387927410965778,77.5,0,100,3.0,0,0.0
0.405,0.0006765107634274089,77.5,0,100,3.0,0,0.0
0.41,0.00039307957404427924,77.5,0,100,3.0,0,0.0
0.415,0.00022338910511776318,77.5,0,100,3.0,0,0.0
0.42,0.00012417073320013317,77.5,0,100,3.0,0,0.0
0.425,6.750753468904987e-05,77.5,0,100,3.0,0,0.0
0.43,3.5897234866245036e-05,77.5,0,100,3.0,0,0.0
0.435,1.8670050400879738e-05,77.5,0,100,3.0,0,0.0
0.44,9.497421874143672e-06,77.5,0,100,3.0,0,0.0
0.445,4.725434140340885e-06,77.5,0,100,3.0,0,0.0
0.45,2.299606063738814e-06,77.5,0,100,3.0,0,0.0
0.455,1.0945633976635486e-06,77.5,0,100,3.0,0,0.0
0.46,5.095703414287532e-07,77.5,0,100,3.0,0,0.0
0.465,2.3202944964797243e-07,77.5,0,100,3.0,0,0.0
0.47,1.0333746954038608e-07,77.5,0,100,3.0,0,0.0
0.475,4.501406988770349e-08,77.5,0,100,3.0,0,0.0
0.48,0.0,77.5,0,100,3.0,0,0.0
0.485,0.0,77.5,0,100,3.0,0,0.0
0.49,0.0,77.5,0,100,3.0,0,0.0
0.495,0.0,77.5,0,100,3.0,0,0.0
0.5,0.0,77.5,0,100,3.0,0,0.0
0.505,0.0,77.5,0,100,3.0,0,0.0
0.51,0.0,77.5,0,100,3.0,0,0.0
0.515,0.0,77.5,0,100,3.0,0,0.0
0.52,0.0,77.5,0,100,3.0,0,0.0
0.525,0.0,77.5,0,100,3.0,0,0.0
0.53,0.0,77.5,0,100,3.0,0,0.0
0.535,0.0,77.5,0,100,3.0,0,0.0
0.54,0.0,77.5,0,100,3.0,0,0.0
0.545,0.0,77.5,0,100,3.0,0,0.0
0.55,0.0,77.5,0,100,3.0,0,0.0
0.555,0.0,77.5,0,100,3.0,0,0.0
0.56,0.0,77.5,0,100,3.0,0,0.0
0.565,0.0,77.5,0,100,3.0,0,0.0
0.57,0.0,77.5,0,100,3.0,0,0.0
0.575,0.0,77.5,0,100,3.0,0,0.0
0.58,0.0,77.5,0,100,3.0,0,0.0
0.585,0.0,77.5,0,100,3.0,0,0.0
0.59,0.0,77.5,0,100,3.0,0,0.0
0.595,0.0,77.5,0,100,3.0,0,0.0
0.6,0.0,77.5,0,100,3.0,0,0.0
0.605,0.0,77.5,0,100,3.0,0,0.0
0.61,0.001684486749771458,77.5,0,100,3.0,0,0.0
0.615,0.00456624331333666,77.5,0,100,3.0,0,0.0
0.62,0.011079731271581421,77.5,0,100,3.0,0,0.0
0.625,0.024064571490409,77.5,0,100,3.0,0,0.0
0.63,0.046784906529573234,77.5,0,100,3.0,0,0.0
0.635,0.08141644351188804,77.5,0,100,3.0,0,0.0
0.64,0.12682276464025305,77.5,0,100,3.0,0,0.0
0.645,0.1768320708657512,77.5,0,100,3.0,0,0.0
0.65,0.22070063230473494,77.5,0,100,3.0,0,0.0
0.655,0.24656126505113576,77.5,0,100,3.0,0,0.0
0.66,0.24656126505724016,77.5,0,100,3.0,0,0.0
0.665,0.220700632329898,77.5,0,100,3.0,0,0.0
0.67,0.17683207093748562,77.5,0,100,3.0,0,0.0
0.675,0.12682276483597799,77.5,0,100,3.0,0,0.0
0.68,0.08141644409447898,77.5,0,100,3.0,0,0.0
0.685,0.04678490952598309,77.5,0,100,3.0,0,0.0
0.69,0.024064605020532023,77.5,0,100,3.0,0,0.0
0.695,0.011080171739334697,77.5,0,100,3.0,0,0.0
0.7,0.004571212771509492,77.5,0,100,3.0,0,0.0
0.705,0.0017299316936037438,77.5,0,100,3.0,0,0.0
0.71,0.0008899431850697582,77.5,0,100,3.0,0,0.0
0.715,0.002128806368910263,77.5,0,100,3.0,0,0.0
0.72,0.009309664818487698,77.5,0,100,3.0,0,0.0
0.725,0.03503263543368747,77.5,0,100,3.0,0,0.0
0.73,0.10606267793605692,77.5,0,100,3.0,0,0.0
0.735,0.25734927343160535,77.5,0,100,3.0,0,0.0
0.74,0.5003202479539708,77.5,0,100,3.0,0,0.0
0.745,0.7793067891790435,77.5,0,100,3.0,0,0.0
0.75,0.9720477407234077,77.50000297482039,1,100,3.0,0,5.8907334455893355e-08
0.755,0.967267334488097,77.50000582895335,0,100,3.0,0,1.1542481878101477e-07
0.76,0.7505869905515209,77.50001218448925,0,100,3.0,0,2.412770148602798e-07
0.765,0.4028369574773956,77.50002820524271,0,100,3.0,0,5.585196577000472e-07
0.77,0.04553881263121314,77.5000732029506,0,100,3.0,0,1.449563378268031e-06
0.775,-0.189138810908105,77.50020724976795,0,100,3.0,0,4.103955801059386e-06
0.78,-0.22868072635956738,77.50061023923335,0,100,3.0,0,1.2083945214913407e-05
0.785,-0.14104670682394166,77.50179256556841,0,100,3.0,0,3.549634788926975e-05
0.79,-0.051158381651102834,77.50511484099445,0,100,3.0,0,0.00010128398008815241
0.795,-0.008206426846427752,77.51396870109211,0,100,3.0,0,0.0002766079424180355
0.8,0.005350271385530505,77.53623262703964,0,100,3.0,0,0.0007174777631611492
0.805,0.01084668799215426,77.58890805682125,0,100,3.0,0,0.0017605555806188805
0.81,0.016256859896386415,77.70596109420195,0,100,3.0,0,0.004078437508949568
0.815,0.02345021205790711,77.94994327901777,0,100,3.0,0,0.00890976790134205
0.82,0.0330621597308209,78.42640554665691,0,100,3.0,0,0.01834466429023582
0.825,0.04559141319943196,79.29709768806333,0,100,3.0,0,0.03558609283293726
0.83,0.06149084917446989,80.7838816626191,0,100,3.0,0,0.06502735965582365
0.835,0.08111733445924295,83.15198799100372,0,100,3.0,0,0.11192055427730142
0.84,0.1046628598272375,86.66190241168549,0,100,3.0,0,0.18142381013238593
0.845,0.1320831047748631,91.48704843050832,0,100,3.0,0,0.27697125604966977
0.85,0.16303381314489318,97.61020096290896,0,100,3.0,0,0.39822180124572204
0.855,0.19682662652900276,104.73063061163819,0,100,3.0,0,0.5392204081512513
0.86,0.23241585813229,112.22628758299108,0,100,3.0,0,0.6876492590691302
0.865,0.26842527782774417,119.209627596154,0,100,3.0,0,0.8259332197258217
0.87,0.30321927900592993,124.68715477375247,0,100,3.0,0,0.9343991044307419
0.875,0.3350163137995362,127.78941352703112,0,100,3.0,0,0.9958299708322993
0.88,0.3620352400956416,128.0,0,100,3.0,0,1.0
0.885,0.3826586036805073,125.30121575152813,0,100,3.0,0,0.9465587277530323
0.89,0.39559233134833227,120.18034119851458,0,100,3.0,0,0.8451552712577145
0.895,0.4,113.49403445375758,0,100,3.0,0,0.7127531575001501
0.9,0.39559233134833227,106.24312073628462,0,100,3.0,0,0.5691707076492005
0.905,0.3826586036805073,99.33935599846077,0,100,3.0,0,0.43246249501902523
0.91,0.3620352400956416,93.43780759195062,0,100,3.0,0,0.31560015033565575
0.915,0.3350163137995362,88.87185418608688,0,100,3.0,0,0.22518523140766095
0.92,0.3032192790059296,85.68402210388078,0,100,3.0,0,0.16205984364120354
0.925,0.26842527782774417,83.71560620831526,0,100,3.0,0,0.12308131105574782
0.93,0.23241585813229,82.71044536105052,0,100,3.0,0,0.10317713586238648
0.935,0.19682662652900276,82.39942555145443,0,100,3.0,0,0.09701832775157283
0.94,0.16303381314489318,82.5512309649664,0,100,3.0,0,0.10002437554388897
0.945,0.13208310477486307,82.99117359548086,0,100,3.0,0,0.10873611080160117
0.95,0.10466285982723562,83.59850375339822,0,100,3.0,0,0.12076245056234097
0.955,0.08111733445917907,84.29375139421232,0,100,3.0,0,0.13452973057846182
0.96,0.06149084917398798,85.02453323162025,0,100,3.0,0,0.1490006580518862
0.965,0.04559141333598128,85.75415419045677,0,100,3.0,0,0.1634485978308272
0.97,0.03306217087257399,86.45417274106126,0,100,3.0,0,0.17731035130814368
0.975,0.02345067901074276,87.10040645984597,0,100,3.0,0,0.19010705861081129
0.98,0.016268788896435526,87.6713129835381,0,100,3.0,0,0.20141213828788318
0.985,0.011039026374860051,88.14775760329132,0,100,3.0,0,0.2108466852136896
0.99,0.007326255555493689,88.5134568519284,0,100,3.0,0,0.21808825449363162
0.995,0.0047556414315231815,88.75565275625378,0,100,3.0,0,0.22288421299512437
1.0,0.0030193390635632803,88.86575895419283,0,100,3.0,0,0.22506453374639263
1.005,0.001874953127946523,88.83983405370527,0,100,3.0,0,0.22455116938030248
1.01,0.0011387927410965778,88.67880558598064,0,100,3.0,0,0.2213624868511018
1.015,0.0006765107634274089,88.38841185208784,0,100,3.0,0,0.21561211588292756
1.02,0.00039307957404427924,87.97886161222259,0,100,3.0,0,0.20750221014302153
1.025,0.00022338910511776318,87.46423814315004,0,100,3.0,0,0.19731164639901072
1.03,0.00012417073320013317,86.8616956972722,0,100,3.0,0,0.1853801128172712
1.035,6.750753468904987e-05,86.19051212899733,0,100,3.0,0,0.17208934908905596
1.04,3.5897234866245036e-05,85.47107045676482,0,100,3.0,0,0.15784297934187763
1.045,1.8670050400879738e-05,84.72384391841842,0,100,3.0,0,0.14304641422610742
1.05,9.497421874143672e-06,83.96845390812022,0,100,3.0,0,0.1280881962004005
1.055,4.725434140340885e-06,83.22285905389919,0,100,3.0,0,0.11332394166137001
1.06,2.299606063738814e-06,82.50271820124429,0,100,3.0,0,0.09906372675731272
1.065,1.0945633976635486e-06,81.82095216403631,0,100,3.0,0,0.0855634091888379
1.07,5.095703414287532e-07,81.18751083200898,0,100,3.0,0,0.07302001647542539
1.075,2.3202944964797243e-07,80.60933545563019,0,100,3.0,0,0.06157099912138985
1.08,1.0333746954038608e-07,80.09049215613837,0,100,3.0,0,0.05129687437897757
1.085,4.501406988770349e-08,79.6324429058189,0,100,3.0,0,0.04222659219443377
1.09,0.0,79.23441480011142,0,100,3.0,0,0.03434484752695888
1.095,0.0,78.89382727108968,0,100,3.0,0,0.02760054002157776
1.1,0.0,78.60673940294778,0,100,3.0,0,0.02191563174154022
1.105,0.0,78.36828483344408,0,100,3.0,0,0.017193759078100578
1.11,0.0,78.17306884141654,0,100,3.0,0,0.013328095869634399
1.115,0.0,78.01551010783703,0,100,3.0,0,0.010208120947267935
1.12,0.0,77.89011739198064,0,100,3.0,0,0.0077250968709037275
1.125,0.0,77.79169827936764,0,100,3.0,0,0.005776203551834392
1.13,0.0,77.71550276692628,0,100,3.0,0,0.004267381523292632
1.135,0.0,77.65730852609023,0,100,3.0,0,0.0031150203186184784
1.14,0.0,77.6134572104197,0,100,3.0,0,0.002246677434053391
1.145,0.0,77.58085229814589,0,100,3.0,0,0.0016010356068492083
1.15,0.0,77.55692893566152,0,100,3.0,0,0.0011273056566637079
1.155,0.0,77.53960538031276,0,100,3.0,0,0.0007842649566884016
1.16,0.0,77.5272242384317,0,100,3.0,0,0.0005390938303306858
1.165,0.0,77.51849003441343,0,100,3.0,0,0.00036613929531548515
1.17,0.0,77.51240795264492,0,100,3.0,0,0.0002457020325726888
1.175,0.0,77.50822702776999,0,100,3.0,0,0.00016291144098991116
1.18,0.0,77.50538972029054,0,100,3.0,0,0.00010672713446608961
1.185,0.0,77.5034887505611,0,100,3.0,0,6.908416952680932e-05
1.19,0.0,77.50223127982962,0,100,3.0,0,4.4183759002288585e-05
1.195,0.0,77.5014099982958,0,100,3.0,0,2.792075833264726e-05
1.2,0.0,77.50088036661307,0,100,3.0,0,1.7433002239100138e-05
1.205,0.0,77.50054311146208,0,100,3.0,1,1.0754682417407568e-05
1.21,0.0,77.50033105092136,0,100,3.0,1,6.55546378931768e-06
1.215,0.0,77.5001993797566,0,100,3.0,1,3.948113991969372e-06
1.22,0.0,77.50011864453815,0,100,3.0,1,2.349396795006043e-06
1.225,0.0,77.50006975813591,0,100,3.0,1,1.3813492258951456e-06
1.23,0.0,77.50004052494289,0,100,3.0,1,8.02474116622167e-07
1.235,0.0,77.50002326110729,0,100,3.0,1,4.606159858901652e-07
1.24,0.0,77.50001319224734,0,100,3.0,1,2.6123262053864317e-07
1.245,0.0,77.5000073924367,0,100,3.0,1,1.4638488515080136e-07
1.25,0.0,77.50000409295407,0,100,3.0,1,8.104859547853662e-08
1.255,0.0,77.50000223906426,0,100,3.0,1,4.4337906107859163e-08
1.26,0.001684486749771458,77.5000012102544,0,100,3.0,1,2.3965433589218815e-08
1.265,0.00456624331333666,77.50000064634919,0,100,3.0,1,1.2798993917511884e-08
1.27,0.011079731271581421,77.5000003410658,0,100,3.0,1,6.753778209956478e-09
1.275,0.024064571490409,77.50000017782368,0,100,3.0,1,3.521260976971336e-09
1.28,0.046784906529573234,77.50000009160547,0,100,3.0,1,1.813969735696158e-09
1.285,0.08141644351188804,77.5000000466266,0,100,3.0,1,9.232989290611309e-10
1.29,0.12682276464025305,77.5000000234491,0,100,3.0,1,4.643386929085026e-10
1.295,0.1768320708657512,77.50000001165198,0,100,3.0,1,2.3073222100810208e-10
1.3,0.22070063230473494,77.50000000572075,0,100,3.0,1,1.1328218011606236e-10
1.305,0.24656126505113576,77.50000000277515,0,100,3.0,1,5.4953515885217984e-11
1.31,0.24656126505724016,77.50000000133015,0,100,3.0,1,2.6339608162329164e-11
1.315,0.220700632329898,77.50000000062994,0,100,3.0,1,1.2474035006247018e-11
1.32,0.17683207093748562,77.50000000029476,0,100,3.0,1,5.836862346588514e-12
1.325,0.12682276483597799,77.50000000013628,0,100,3.0,1,2.698655380570044e-12
1.33,0.08141644409447898,77.50000000006226,0,100,3.0,1,1.2328268219267323e-12
1.335,0.04678490952598309,77.5000000000281,0,100,3.0,1,5.563338568703834e-13
1.34,0.024064605020532023,77.50000000001253,0,100,3.0,1,2.481975021546172e-13
1.345,0.011080171739334697,77.50000000000551,0,100,3.0,1,1.0918438870293816e-13
1.35,0.004571212771509492,77.5000000000024,0,100,3.0,1,4.755711775978492e-14
1.355,0.0017299316936037438,77.50000000000104,0,100,3.0,1,2.0542423647717747e-14
1.36,0.0008899431850697582,77.50000000000044,0,100,3.0,1,8.723494973688359e-15
1.365,0.002128806368910263,77.50000000000018,0,100,3.0,1,3.6582398276757634e-15
1.37,0.009309664818487698,77.50000000000007,0,100,3.0,1,1.4070153183368321e-15
1.375,0.03503263543368747,77.50000000000003,0,100,3.0,1,5.628061273347328e-16
1.38,0.10606267793605692,77.50000000000001,0,100,3.0,1,2.814030636673664e-16
1.385,0.25734927343160535,77.5,0,100,3.0,1,0.0
1.39,0.5003202479539708,77.5,0,100,3.0,1,0.0
1.395,0.7793067891790435,77.5,0,100,3.0,1,0.0
1.4,0.9720477407234077,77.50000297094563,1,100,3.0,1,5.8830606533747686e-08
1.405,0.967267334488097,77.50000585321456,0,100,3.0,1,1.1590523881480268e-07
1.41,0.7505869905515209,77.50001231859999,0,100,3.0,1,2.4393267297833374e-07
1.415,0.4028369574773956,77.5000287685175,0,100,3.0,1,5.696736137690438e-07
1.42,0.04553881263121314,77.50007544225073,0,100,3.0,1,1.493905955103941e-06
1.425,-0.189138810908105,77.50021580677046,0,100,3.0,1,4.2734013951609664e-06
1.43,-0.22868072635956738,77.50064122197105,0,100,3.0,1,1.2697464773291268e-05
1.435,-0.14104670682394166,77.50189764285709,0,100,3.0,1,3.7577086278971173e-05
1.44,-0.051158381651102834,77.50544678588247,0,100,3.0,1,0.00010785714618751257
1.445,-0.008206426846427752,77.51494354533021,0,100,3.0,1,0.00029591178871706545
1.45,0.005350271385530505,77.53889317447089,0,100,3.0,1,0.0007701618707106056
1.455,0.01084668799215426,77.59565760011441,0,100,3.0,1,0.0018942099032555873
1.46,0.016256859896386415,77.72188223512214,0,100,3.0,1,0.004393707626180944
1.465,0.02345021205790711,77.98486749911095,0,100,3.0,1,0.00960133661605837
1.47,0.0330621597308209,78.4976358334839,0,100,3.0,1,0.01975516501948312
1.475,0.04559141319943196,79.43210578788607,0,100,3.0,1,0.03825952055219946
1.48,0.06149084917446989,81.02144467284691,0,100,3.0,1,0.06973157768013685
1.485,0.08111733445924295,83.53943824352314,0,100,3.0,1,0.11959283650540864
1.49,0.1046628598272375,87.24612635035874,0,100,3.0,1,0.1929926009972027
1.495,0.1320831047748631,92.29836240213126,0,100,3.0,1,0.29303687925012395
1.5,0.16303381314489318,98.6415242177682,0,100,3.0,1,0.41864404391620186
1.505,0.19682662652900276,105.91856224009601,0,100,3.0,1,0.5627438067345745
1.51,0.23241585813229,113.44355699129795,0,100,3.0,1,0.7117536037880783
1.515,0.26842527782774417,120.27731578487735,0,100,3.0,1,0.8470755600965811
1.52,0.30321927900592993,125.40886924748625,0,100,3.0,1,0.9486904801482426
1.525,0.3350163137995362,128.0,0,100,3.0,1,1.0
1.53,0.3620352400956416,127.61297446918879,0,100,3.0,1,0.9923361281027482
1.535,0.3826586036805073,124.33696161207922,0,100,3.0,1,0.9274645863778064
1.54,0.39559233134833227,118.76344665656188,0,100,3.0,1,0.8170979535952848
1.545,0.4,111.82039289833824,0,100,3.0,1,0.6796117405611533
1.55,0.39559233134833227,104.52944873576625,0,100,3.0,1,0.5352366086290347
1.555,0.3826586036805073,97.77357003237384,0,100,3.0,1,0.40145683232423446
1.56,0.3620352400956416,92.14593155860807,0,100,3.0,1,0.2900184467051103
1.565,0.3350163137995362,87.90825613345055,0,100,3.0,1,0.20610408185050594
1.57,0.3032192790059296,85.04198682162858,0,100,3.0,1,0.1493462736956155
1.575,0.26842527782774417,83.34911037832367,0,100,3.0,1,0.11582396788759747
1.58,0.23241585813229,82.55716877843483,0,100,3.0,1,0.10014195600861046
1.585,0.19682662652900276,82.39818228678223,0,100,3.0,1,0.09699370864915308
1.59,0.16303381314489318,82.65144010719679,0,100,3.0,1,0.10200871499399586
1.595,0.13208310477486307,83.15544646601765,0,100,3.0,1,0.11198903893104259
1.6,0.10466285982723562,83.80098496712186,0,100,3.0,1,0.12477197954696759
1.605,0.08111733445917907,84.51679817502719,0,100,3.0,1,0.13894649851538993
1.61,0.06149084917398798,85.25545908263547,0,100,3.0,1,0.15357344718090035
1.615,0.04559141333598128,85.98282074337618,0,100,3.0,1,0.16797664838368673
1.62,0.03306217087257399,86.67155747492474,0,100,3.0,1,0.1816149995034602
1.625,0.02345067901074276,87.29795930335597,0,100,3.0,1,0.19401899610605874
1.63,0.016268788896435526,87.84083911807926,0,100,3.0,1,0.20476909144711405
1.635,0.011039026374860051,88.28160151207733,0,100,3.0,1,0.21349705964509563
1.64,0.007326255555493689,88.60482836895572,0,100,3.0,1,0.21989759146446974
1.645,0.0047556414315231815,88.79899114489746,0,100,3.0,1,0.22374239890886052
1.65,0.0030193390635632803,88.85706779854773,0,100,3.0,1,0.22489243165441053
1.655,0.001874953127946523,88.77694250763581,0,100,3.0,1,0.22330579223041205
1.66,0.0011387927410965778,88.56152685954629,0,100,3.0,1,0.21904013583259982
1.665,0.0006765107634274089,88.21858228046267,0,100,3.0,1,0.2122491540685677
1.67,0.00039307957404427924,87.76025532372388,0,100,3.0,1,0.20317337274700756
1.675,0.00022338910511776318,87.20236355807309,0,100,3.0,1,0.19212601105095226
1.68,0.00012417073320013317,86.5634902866797,0,100,3.0,1,0.17947505518177614
1.685,6.750753468904987e-05,85.86396018771272,0,100,3.0,1,0.16562297401411327
1.69,3.5897234866245036e-05,85.12477432033205,0,100,3.0,1,0.15098563010558516
1.695,1.8670050400879738e-05,84.36658158555097,0,100,3.0,1,0.13597191258516783
1.7,9.497421874143672e-06,83.60875530007408,0,100,3.0,1,0.12096545148661544
1.705,4.725434140340885e-06,82.86862941840498,0,100,3.0,1,0.10630949343376195
1.71,2.299606063738814e-06,82.1609310518812,0,100,3.0,1,0.09229566439368726
1.715,1.0945633976635486e-06,81.49742647014536,0,100,3.0,1,0.07915695980485854
1.72,5.095703414287532e-07,80.88677888145745,0,100,3.0,1,0.06706492834569198
1.725,2.3202944964797243e-07,80.33459982381898,0,100,3.0,1,0.05613068958057379
1.73,1.0333746954038608e-07,79.84366331563119,0,100,3.0,1,0.04640917456695426
1.735,4.501406988770349e-08,79.4142437702478,0,100,3.0,1,0.03790581723262958
1.74,0.0,79.04453522094083,0,100,3.0,1,0.030584855860214453
1.745,0.0,78.73111024024065,0,100,3.0,1,0.024378420598824817
1.75,0.0,78.46938127165673,0,100,3.0,1,0.01919566874567781
1.755,0.0,78.25403387991976,0,100,3.0,1,0.014931363958807127
1.76,0.0,78.07940954909407,0,100,3.0,1,0.011473456417704283
1.765,0.0,77.93982406759571,0,100,3.0,1,0.00870938747714274
1.77,0.0,77.8298153669202,0,100,3.0,1,0.006530997364756453
1.775,0.0,77.74432130323292,0,100,3.0,1,0.004838045608572724
1.78,0.0,77.67879292921928,0,100,3.0,1,0.0035404540439462227
1.785,0.0,77.62925218591911,0,100,3.0,1,0.00255944922612107
1.79,0.0,77.59230474085237,0,100,3.0,1,0.0018278166505419813
1.795,0.0,77.56511914230262,0,100,3.0,1,0.0012894879663885247
1.8,0.0,77.54538286297166,0,100,3.0,1,0.0008986705538943354
1.805,0.0,77.5312445059329,0,100,3.0,1,0.0006187030877802698
1.81,0.0,77.52124975792847,0,100,3.0,1,0.00042078728571233557
1.815,0.0,77.51427686543666,0,100,3.0,1,0.00028271020666646127
1.82,0.0,77.50947567810488,0,100,3.0,1,0.00018763719019558933
1.825,0.0,77.50621278444058,0,100,3.0,1,0.0001230254344668898
1.83,0.0,77.50402402644141,0,100,3.0,1,7.968369190918322e-05
1.835,0.0,77.50257474319895,0,100,3.0,1,5.098501384056795e-05
1.84,0.0,77.50162744217775,0,100,3.0,1,3.222657777721924e-05
1.845,0.0,77.50101619199279,0,100,3.0,1,2.0122613718605393e-05
1.85,0.0,77.50062682242242,0,100,3.0,1,1.2412325196408455e-05
1.855,0.0,77.50038195467684,0,100,3.0,1,7.56345894732215e-06
1.86,0.0,77.50022992049958,0,100,3.0,1,4.552881179760973e-06
1.865,0.0,77.50013672316726,0,100,3.0,1,2.7073894506708647e-06
1.87,0.0,77.50008031655649,0,100,3.0,1,1.5904268612230947e-06
1.875,0.0,77.50004660865855,0,100,3.0,1,9.22943733672078e-07
1.88,0.0,77.50002671939872,0,100,3.0,1,5.29097004325852e-07
1.885,0.0,77.500015131616,0,100,3.0,1,2.996359603119993e-07
1.89,0.0,77.50000846530277,0,100,3.0,1,1.67629757819362e-07
1.895,0.0,77.50000467840951,0,100,3.0,1,9.264177248438176e-08
1.9,0.0,77.50000255418604,0,100,3.0,1,5.057794137743744e-08
1.905,0.001684486749771458,77.50000137754365,0,100,3.0,1,2.7278092163511912e-08
1.91,0.00456624331333666,77.5000007339336,0,100,3.0,1,1.4533338686521915e-08
1.915,0.011079731271581421,77.500000386284,0,100,3.0,1,7.649188125586728e-09
1.92,0.024064571490409,77.50000020084232,0,100,3.0,1,3.9770756896782906e-09
1.925,0.046784906529573234,77.50000010315784,0,100,3.0,1,2.0427296026310154e-09
1.93,0.08141644351188804,77.5000000523417,0,100,3.0,1,1.0364693921609173e-09
1.935,0.12682276464025305,77.50000002623567,0,100,3.0,1,5.195181754538455e-10
1.94,0.1768320708657512,77.50000001299077,0,100,3.0,1,2.57242922233141e-10
1.945,0.22070063230473494,77.50000000635443,0,100,3.0,1,1.2583022412805389e-10
1.95,0.24656126505113576,77.50000000307055,0,100,3.0,1,6.080304136967153e-11
1.955,0.24656126505724016,77.50000000146574,0,100,3.0,1,2.9024474792779507e-11
1.96,0.220700632329898,77.50000000069117,0,100,3.0,1,1.36866008075897e-11
1.965,0.17683207093748562,77.50000000032198,0,100,3.0,1,6.3757492135115204e-12
1.97,0.12682276483597799,77.50000000014816,0,100,3.0,1,2.9339083417959623e-12
1.975,0.08141644409447898,77.50000000006736,0,100,3.0,1,1.3338505217833169e-12
1.98,0.04678490952598309,77.50000000003025,0,100,3.0,1,5.991071225478231e-13
1.985,0.024064605020532023,77.50000000001342,0,100,3.0,1,2.656444921019939e-13
1.99,0.011080171739334697,77.50000000000588,0,100,3.0,1,1.165008683582897e-13
1.995,0.004571212771509492,77.50000000000254,0,100,3.0,1,5.037114839645859e-14
2.0,0.0017299316936037438,77.5000000000011,0,100,3.0,1,2.1668035902387214e-14
2.005,0.0008899431850697582,77.50000000000045,0,100,3.0,1,9.004898037355725e-15
2.01,0.002128806368910263,77.50000000000018,0,100,3.0,1,3.6582398276757634e-15
2.015,0.009309664818487698,77.50000000000009,0,100,3.0,1,1.6884183820041984e-15
2.02,0.03503263543368747,77.50000000000003,0,100,3.0,1,5.628061273347328e-16
2.025,0.10606267793605692,77.50000000000001,0,100,3.0,1,2.814030636673664e-16
2.03,0.25734927343160535,77.5,0,100,3.0,1,0.0
2.035,0.5003202479539708,77.5,0,100,3.0,1,0.0
2.04,0.7793067891790435,77.5,0,100,3.0,1,0.0
2.045,0.9720477407234077,77.5000029632167,1,100,3.0,1,5.867755844249559e-08
2.05,0.967267334488097,77.50000682291645,0,100,3.0,1,1.3510725637496592e-07
2.055,0.7505869905515209,77.50001756024393,0,100,3.0,1,3.4772760262841426e-07
2.06,0.4028369574773956,77.50005342195217,0,100,3.0,1,1.0578604390880938e-06
2.065,0.04553881263121314,77.50018840392086,0,100,3.0,1,3.7307707100803828e-06
2.07,-0.189138810908105,77.50070967490346,0,100,3.0,1,1.4052968385378857e-05
2.075,-0.22868072635956738,77.50264736798302,0,100,3.0,1,5.242312837655692e-05
2.08,-0.14104670682394166,77.50936430658398,0,100,3.0,1,0.00018543181354407307
2.085,-0.051158381651102834,77.53076934741445,0,100,3.0,1,0.0006092940082069027
2.09,-0.008206426846427752,77.59306177469023,0,100,3.0,1,0.0018428074196084581
2.095,0.005350271385530505,77.75802676786665,0,100,3.0,1,0.005109440947854515
2.1,0.01084668799215426,78.15461689924777,0,100,3.0,1,0.012962710876193472
2.105,0.016256859896386415,79.01828265856908,0,100,3.0,1,0.030065003139981734
2.11,0.02345021205790711,80.71788402888605,0,100,3.0,1,0.06372047581952568
2.115,0.0330621597308209,83.73079902637203,0,100,3.0,1,0.12338215893805991
2.12,0.04559141319943196,88.52107119930265,0,100,3.0,1,0.2182390336495575
2.125,0.06149084917446989,95.30690819667116,0,100,3.0,1,0.3526120434984388
2.13,0.08111733445924295,103.7805137153438,0,100,3.0,1,0.5204062121850258
2.135,0.1046628598272375,112.93009024750643,0,100,3.0,1,0.7015859454951768
2.14,0.1320831047748631,121.13525691684497,0,100,3.0,1,0.8640644934028706
2.145,0.16303381314489318,126.6019505798869,0,100,3.0,1,0.9723158530670674
2.15,0.19682662652900276,128.0,0,100,3.0,1,1.0
2.155,0.23241585813229,124.99911850064926,0,100,3.0,1,0.9405766039732527
2.16,0.26842527782774417,118.41082419885984,0,100,3.0,1,0.8101153306704919
2.165,0.30321927900592993,109.85508918464754,0,100,3.0,1,0.6406948353395553
2.17,0.3350163137995362,101.13977923732722,0,100,3.0,1,0.4681144403431132
2.175,0.3620352400956416,93.67740219718712,0,100,3.0,1,0.3203445979641014
2.18,0.3826586036805073,88.18807433450232,0,100,3.0,1,0.21164503632677856
2.185,0.39559233134833227,84.73520644729146,0,100,3.0,1,0.14327141479785072
2.19,0.4,82.96744827784511,0,100,3.0,1,0.1082663025315863
2.195,0.39559233134833227,82.39155633242602,0,100,3.0,1,0.09686250163219842
2.2,0.3826586036805073,82.55988591100417,0,100,3.0,1,0.10019576061394402
2.205,0.3620352400956416,83.1463378415175,0,100,3.0,1,0.11180867012905926
2.21,0.3350163137995362,83.94360114320315,0,100,3.0,1,0.1275960622416466
2.215,0.3032192790059296,84.8277522116186,0,100,3.0,1,0.14510400419046737
2.22,0.26842527782774417,85.72195777553705,0,100,3.0,1,0.1628110450601396
2.225,0.23241585813229,86.57191545419312,0,100,3.0,1,0.17964189018204194
2.23,0.19682662652900276,87.33344446152883,0,100,3.0,1,0.19472167250552133
2.235,0.16303381314489318,87.96825352116706,0,100,3.0,1,0.20729214893400114
2.24,0.13208310477486307,88.44394081009204,0,100,3.0,1,0.21671169920974345
2.245,0.10466285982723562,88.73561558960037,0,100,3.0,1,0.22248743741782914
2.25,0.08111733445917907,88.82770800558913,0,100,3.0,1,0.22431104961562634
2.255,0.06149084917398798,88.71524935893723,0,100,3.0,1,0.22208414572152926
2.26,0.04559141333598128,88.40429210697437,0,100,3.0,1,0.21592657637573004
2.265,0.03306217087257399,87.9113648010271,0,100,3.0,1,0.2061656396242991
2.27,0.02345067901074276,87.26201550499496,0,100,3.0,1,0.19330723772267253
2.275,0.016268788896435526,86.48861883511692,0,100,3.0,1,0.17799245218053314
2.28,0.011039026374860051,85.62770772453368,0,100,3.0,1,0.1609447074165085
2.285,0.007326255555493689,84.71713506982503,0,100,3.0,1,0.14291356573910957
2.29,0.0047556414315231815,83.79336949573046,0,100,3.0,1,0.12462117813327643
2.295,0.0030193390635632803,82.88918720853592,0,100,3.0,1,0.10671657838684981
2.3,0.001874953127946523,82.03194835275565,0,100,3.0,1,0.08974155153971582
2.305,0.0011387927410965778,81.24255572514794,0,100,3.0,1,0.0741100143593651
2.31,0.0006765107634274089,80.53510165291061,0,100,3.0,1,0.06010102282991311
2.315,0.00039307957404427924,79.91712911156813,0,100,3.0,1,0.047863942803329305
2.32,0.00022338910511776318,79.39037558157813,0,100,3.0,1,0.03743317983323023
2.325,0.00012417073320013317,78.95183743607636,0,100,3.0,1,0.028749256159927926
2.33,6.750753468904987e-05,78.59498841544391,0,100,3.0,1,0.021682938919681337
2.335,3.5897234866245036e-05,78.31100344773567,0,100,3.0,1,0.016059474212587566
2.34,1.8670050400879738e-05,78.0898716426395,0,100,3.0,1,0.011680626586920675
2.345,9.497421874143672e-06,77.92132184618897,0,100,3.0,1,0.008343006855227205
2.35,4.725434140340885e-06,77.79552354015783,0,100,3.0,1,0.005851951290254073
2.355,2.299606063738814e-06,77.70355971062563,0,100,3.0,1,0.00403088535892329
2.36,1.0945633976635486e-06,77.63769342762592,0,100,3.0,1,0.0027266025272459243
2.365,5.095703414287532e-07,77.59146527391141,0,100,3.0,1,0.001811193542800205
2.37,2.3202944964797243e-07,77.55966517374333,0,100,3.0,1,0.0011814885889767574
2.375,1.0333746954038608e-07,77.53822145556238,0,100,3.0,1,0.0007568605061857226
2.38,4.501406988770349e-08,77.52404446821832,0,100,3.0,1,0.00047612808353110806
2.385,0.0,77.51485404628625,0,100,3.0,1,0.0002941395304207059
2.39,0.0,77.50901147768072,0,100,3.0,1,0.00017844510258842634
2.395,0.0,77.5053686969771,0,100,3.0,1,0.00010631083122971762
2.4,0.0,77.5031409672966,0,100,3.0,1,6.2197372209942e-05
2.405,0.0,77.50180459429171,0,100,3.0,1,3.57345404299534e-05
2.41,0.0,77.50101816317644,0,100,3.0,2,2.016164705821103e-05
2.415,0.0,77.50056412693317,0,100,3.0,2,1.1170830359810455e-05
2.42,0.0,77.50030694313577,0,100,3.0,2,6.078081896410565e-06
2.425,0.0,77.50016400634816,0,100,3.0,2,3.2476504585621016e-06
2.43,0.0,77.5000860567684,0,100,3.0,2,1.7040944236790586e-06
2.435,0.001684486749771458,77.50004434361045,0,100,3.0,2,8.780912961324562e-07
2.44,0.00456624331333666,77.50002243875255,0,100,3.0,2,4.443317337036476e-07
2.445,0.011079731271581421,77.50001115033744,0,100,3.0,2,2.207987612415885e-07
2.45,0.024064571490409,77.50000544125342,0,100,3.0,2,1.0774759249837342e-07
2.455,0.046784906529573234,77.50000260754337,0,100,3.0,2,5.163452208375254e-08
2.46,0.08141644351188804,77.50000122711641,0,100,3.0,2,2.42993349270409e-08
2.465,0.12682276464025305,77.50000056710259,0,100,3.0,2,1.1229754235419834e-08
2.47,0.1768320708657512,77.50000025737073,0,100,3.0,2,5.096450082635441e-09
2.475,0.22070063230473494,77.50000011470392,0,100,3.0,2,2.271364808008668e-09
2.48,0.24656126505113576,77.50000005020178,0,100,3.0,2,9.940945932216307e-10
2.485,0.24656126505724016,77.50000002157653,0,100,3.0,2,4.2725792980599007e-10
2.49,0.220700632329898,77.5000000091068,0,100,3.0,2,1.8033265090221308e-10
2.495,0.17683207093748562,77.5000000037746,0,100,3.0,2,7.474459335294387e-11
2.5,0.12682276483597799,77.50000000153638,0,100,3.0,2,3.042332942226998e-11
2.505,0.08141644409447898,77.50000000061411,0,100,3.0,2,1.2160551993321572e-11
2.51,0.04678490952598309,77.50000000024106,0,100,3.0,2,4.7734401689895364e-12
2.515,0.024064605020532023,77.50000000009292,0,100,3.0,2,1.840094633320909e-12
2.52,0.011080171739334697,77.50000000003517,0,100,3.0,2,6.964725825767319e-13
2.525,0.004571212771509492,77.50000000001307,0,100,3.0,2,2.588908185739771e-13
2.53,0.0017299316936037438,77.50000000000477,0,100,3.0,2,9.455142939223511e-14
2.535,0.0008899431850697582,77.5000000000017,0,100,3.0,2,3.376836764008397e-14
2.54,0.002128806368910263,77.5000000000006,0,100,3.0,2,1.1818928674029389e-14
2.545,0.009309664818487698,77.50000000000021,0,100,3.0,2,4.221045955010496e-15
2.55,0.03503263543368747,77.50000000000007,0,100,3.0,2,1.4070153183368321e-15
2.555,0.10606267793605692,77.50000000000003,0,100,3.0,2,5.628061273347328e-16
2.56,0.25734927343160535,77.5,0,100,3.0,2,0.0
2.565,0.5003202479539708,77.5,0,100,3.0,2,0.0
2.57,0.7793067891790435,77.5,0,100,3.0,2,0.0
2.575,0.9720477407234077,77.5000029632167,1,100,3.0,2,5.867755844249559e-08
2.58,0.967267334488097,77.5000059376048,0,100,3.0,2,1.1757633261719219e-07
2.585,0.7505869905515209,77.50001276355475,0,100,3.0,2,2.5274365841574077e-07
2.59,0.4028369574773956,77.50003064109448,0,100,3.0,2,6.067543461986224e-07
2.595,0.04553881263121314,77.50008298165619,0,100,3.0,2,1.6432011127090117e-06
2.6,-0.189138810908105,77.50024503836143,0,100,3.0,2,4.852244780740965e-06
2.605,-0.22868072635956738,77.50074848054169,0,100,3.0,2,1.4821396865108279e-05
2.61,-0.14104670682394166,77.50226551612232,0,100,3.0,2,4.4861705392500734e-05
2.615,-0.051158381651102834,77.50661940466038,0,100,3.0,2,0.00013107732000760438
2.62,-0.008206426846427752,77.51841054376423,0,100,3.0,2,0.00036456522305411903
2.625,0.005350271385530505,77.54839812828513,0,100,3.0,2,0.0009583787779233446
2.63,0.01084668799215426,77.61982582118479,0,100,3.0,2,0.0023727885383126738
2.635,0.016256859896386415,77.77889256217193,0,100,3.0,2,0.0055226249935036225
2.64,0.02345021205790711,78.10963732186457,0,100,3.0,2,0.012072026175536002
2.645,0.0330621597308209,78.75092151744123,0,100,3.0,2,0.02477072311764807
2.65,0.04559141319943196,79.9087326709927,0,100,3.0,2,0.0476976766533209
2.655,0.06149084917446989,81.85188343427765,0,100,3.0,2,0.0861759095896565
2.66,0.08111733445924295,84.87660047953338,0,100,3.0,2,0.14607129662442336
2.665,0.1046628598272375,89.23015235542505,0,100,3.0,2,0.23228024466188213
2.67,0.1320831047748631,94.99882501874558,0,100,3.0,2,0.3465113865098134
2.675,0.16303381314489318,101.98894029735766,0,100,3.0,2,0.4849295108387655
2.68,0.19682662652900276,109.65089174060849,0,100,3.0,2,0.6366513215962076
2.685,0.23241585813229,117.09986446314402,0,100,3.0,2,0.7841557319434459
2.69,0.26842527782774417,123.26166314833992,0,100,3.0,2,0.9061715474918796
2.695,0.30321927900592993,127.12152069509544,0,100,3.0,2,0.9826043701999098
2.7,0.3350163137995362,128.0,0,100,3.0,2,1.0
2.705,0.3620352400956416,125.753838019447,0,100,3.0,2,0.9555215449395446
2.71,0.3826586036805073,120.82076135998885,0,100,3.0,2,0.8578368586136406
2.715,0.39559233134833227,114.08960455830919,0,100,3.0,2,0.7245466249170137
2.72,0.4,106.64913868340399,0,100,3.0,2,0.5772106669980989
2.725,0.39559233134833227,99.5133886516984,0,100,3.0,2,0.43590868617224565
2.73,0.3826586036805073,93.41762112302557,0,100,3.0,2,0.31520041827773404
2.735,0.3620352400956416,88.73552998548763,0,100,3.0,2,0.22248574228688378
2.74,0.3350163137995362,85.51231074372309,0,100,3.0,2,0.15865961868758596
2.745,0.3032192790059296,83.56875812223683,0,100,3.0,2,0.12017342816310553
2.75,0.26842527782774417,82.62145439320233,0,100,3.0,2,0.10141493847925401
2.755,0.23241585813229,82.37856251014239,0,100,3.0,2,0.09660519822064134
2.76,0.19682662652900276,82.59484163283764,0,100,3.0,2,0.10088795312549786
2.765,0.16303381314489318,83.08955460734782,0,100,3.0,2,0.11068424965045191
2.77,0.13208310477486307,83.74068070754905,0,100,3.0,2,0.12357783579305041
2.775,0.10466285982723562,84.46928792877765,0,100,3.0,2,0.1380057015599534
2.78,0.08111733445917907,85.22350477295976,0,100,3.0,2,0.15294068857346052
2.785,0.06149084917398798,85.96643451289296,0,100,3.0,2,0.16765216857213783
2.79,0.04559141333598128,86.66877212581805,0,100,3.0,2,0.181559844075605
2.795,0.03306217087257399,87.30517905319509,0,100,3.0,2,0.19416196144940773
2.8,0.02345067901074276,87.85308057266846,0,100,3.0,2,0.20501149648848438
2.805,0.016268788896435526,88.29277433001748,0,100,3.0,2,0.21371830356470256
2.81,0.011039026374860051,88.60810467392501,0,100,3.0,2,0.2199624687905943
2.815,0.007326255555493689,88.78725860971063,0,100,3.0,2,0.22351007147941848
2.82,0.0047556414315231815,88.82343447722398,0,100,3.0,2,0.22422642529156403
2.825,0.0030193390635632803,88.71524935893723,0,100,3.0,2,0.22208414572152926
2.83,0.001874953127946523,88.46682050888896,0,100,3.0,2,0.21716476255225658
2.835,0.0011387927410965778,88.08750355955483,0,100,3.0,2,0.20965353583276897
2.84,0.0006765107634274089,87.59130736152696,0,100,3.0,2,0.19982786854508827
2.845,0.00039307957404427924,86.99603550232074,0,100,3.0,2,0.18804030697664825
2.85,0.00022338910511776318,86.32222756000658,0,100,3.0,2,0.17469757544567488
2.855,0.00012417073320013317,85.5919876730514,0,100,3.0,2,0.16023737966438428
2.86,6.750753468904987e-05,84.82779312309145,0,100,3.0,2,0.14510481431864264
2.865,3.5897234866245036e-05,84.05137136185039,0,100,3.0,2,0.12973012597723535
2.87,1.8670050400879738e-05,83.28272136314028,0,100,3.0,2,0.11450933392356996
2.875,9.497421874143672e-06,82.53933634560707,0,100,3.0,2,0.09978883852687265
2.88,4.725434140340885e-06,81.83566237670279,0,100,3.0,2,0.08585470052876804
2.885,2.299606063738814e-06,81.182803916743,0,100,3.0,2,0.07292681023253461
2.89,1.0945633976635486e-06,80.5884655936849,0,100,3.0,2,0.06115773452841389
2.895,5.095703414287532e-07,80.05710151400747,0,100,3.0,2,0.050635673544702386
2.9,2.3202944964797243e-07,79.59023060237372,0,100,3.0,2,0.04139070499749946
2.905,1.0333746954038608e-07,79.18686941841649,0,100,3.0,2,0.03340335482012856
2.91,4.501406988770349e-08,78.8440324631707,0,100,3.0,2,0.026614504221202092
2.915,0.0,78.55725338170798,0,100,3.0,2,0.020935710528870895
2.92,0.0,78.32108749492411,0,100,3.0,2,0.016259158315329
2.925,0.0,78.12956535899671,0,100,3.0,2,0.012466640772212169
2.93,0.0,77.97657717630197,0,100,3.0,2,0.009437171807959858
2.935,0.0,77.8561776684136,0,100,3.0,2,0.007053023136902843
2.94,0.0,77.76280956302601,0,100,3.0,2,0.005204149762891298
2.945,0.0,77.691450573779,0,100,3.0,2,0.0037911004708711636
2.95,0.0,77.63769342762592,0,100,3.0,2,0.0027266025272459243
2.955,0.0,77.59777116282646,0,100,3.0,2,0.00193606263022696
2.96,0.0,77.56854083334795,0,100,3.0,2,0.0013572442247119388
2.965,0.0,77.54743828840738,0,100,3.0,2,0.0009393720476708441
2.97,0.0,77.53241527216751,0,100,3.0,2,0.0006418865775744939
2.975,0.0,77.52186811576739,0,100,3.0,2,0.0004330319953938593
2.98,0.0,77.5145651206646,0,100,3.0,2,0.0002884182309821656
2.985,0.0,77.50957762524908,0,100,3.0,2,0.00018965594552632369
2.99,0.0,77.50621788411807,0,100,3.0,2,0.00012312641817965243
2.995,0.0,77.50398536808234,0,100,3.0,2,7.891817984831379e-05
3.0,0.0,77.50252194309775,0,100,3.0,2,4.993946728212328e-05
3.005,0.0,77.50157558979458,0,100,3.0,2,3.1199797912548924e-05
3.01,0.0,77.50097183394746,0,100,3.0,2,1.9244236583371374e-05
3.015,0.0,77.50059180959549,0,100,3.0,2,1.1719001890912862e-05
3.02,0.0,77.50035580575643,0,100,3.0,2,7.045658543122477e-06
3.025,0.0,77.50021119564977,0,100,3.0,2,4.182092074625142e-06
3.03,0.0,77.50012376504303,0,100,3.0,2,2.4507929312545853e-06
3.035,0.0,77.5000716064357,0,100,3.0,2,1.4179492217124898e-06
3.04,0.0,77.5000409022451,0,100,3.0,2,8.099454475996026e-07
3.045,0.0,77.50002306658317,0,100,3.0,2,4.5676402312820564e-07
3.05,0.0,77.50001284282068,0,100,3.0,2,2.5431328080599943e-07
3.055,0.0,77.50000705957572,0,100,3.0,2,1.3979357865789305e-07
3.06,0.0,77.50000383122638,0,100,3.0,2,7.586586890499915e-08
3.065,0.001684486749771458,77.50000205275943,0,100,3.0,2,4.064870153126664e-08
3.07,0.00456624331333666,77.50000108587373,0,100,3.0,2,2.1502450179036488e-08
3.075,0.011079731271581421,77.50000056710259,0,100,3.0,2,1.1229754235419834e-08
3.08,0.024064571490409,77.50000029240512,0,100,3.0,2,5.790200371974255e-09
3.085,0.046784906529573234,77.50000014885018,0,100,3.0,2,2.947528250077463e-09
3.09,0.08141644351188804,77.50000007480915,0,100,3.0,2,1.4813693242374057e-09
3.095,0.12682276464025305,77.50000003711942,0,100,3.0,2,7.350380282431535e-10
3.1,0.1768320708657512,77.50000001818397,0,100,3.0,2,3.600785764166797e-10
3.105,0.22070063230473494,77.50000000879461,0,100,3.0,2,1.7415078839956838e-10
3.11,0.24656126505113576,77.50000000419939,0,100,3.0,2,8.315629373208878e-11
3.115,0.24656126505724016,77.50000000197969,0,100,3.0,2,3.920169799337348e-11
3.12,0.220700632329898,77.5000000009214,0,100,3.0,2,1.8245611842064705e-11
3.125,0.17683207093748562,77.50000000042338,0,100,3.0,2,8.383841475841848e-12
3.13,0.12682276483597799,77.50000000019207,0,100,3.0,2,3.803443808528125e-12
3.135,0.08141644409447898,77.50000000008603,0,100,3.0,2,1.7036141474422362e-12
3.14,0.04678490952598309,77.50000000003804,0,100,3.0,2,7.533160014375399e-13
3.145,0.024064605020532023,77.50000000001661,0,100,3.0,2,3.2896018142715135e-13
3.15,0.011080171739334697,77.50000000000716,0,100,3.0,2,1.4182714408835267e-13
3.155,0.004571212771509492,77.50000000000304,0,100,3.0,2,6.022025562481641e-14
3.16,0.0017299316936037438,77.50000000000128,0,100,3.0,2,2.5326275730062977e-14
3.165,0.0008899431850697582,77.50000000000053,0,100,3.0,2,1.0411913355692557e-14
3.17,0.002128806368910263,77.50000000000021,0,100,3.0,2,4.221045955010496e-15
3.175,0.009309664818487698,77.50000000000009,0,100,3.0,2,1.6884183820041984e-15
3.18,0.03503263543368747,77.50000000000003,0,100,3.0,2,5.628061273347328e-16
3.185,0.10606267793605692,77.50000000000001,0,100,3.0,2,2.814030636673664e-16
3.19,0.25734927343160535,77.5,0,100,3.0,2,0.0
3.195,0.5003202479539708,77.5,0,100,3.0,2,0.0
3.2,0.7793067891790435,77.5,0,100,3.0,2,0.0
3.205,0.9720477407234077,77.50000296527844,1,100,3.0,2,5.871838496177858e-08
3.21,0.967267334488097,77.50000700645296,0,100,3.0,2,1.3874164279054685e-07
3.215,0.7505869905515209,77.50001866949647,0,100,3.0,2,3.696929993994033e-07
3.22,0.4028369574773956,77.50005945083912,0,100,3.0,2,1.1772443389584775e-06
3.225,0.04553881263121314,77.50021999882574,0,100,3.0,2,4.356412390923579e-06
3.23,-0.189138810908105,77.50086359407689,0,100,3.0,2,1.710087280969782e-05
3.235,-0.22868072635956738,77.50332633869756,0,100,3.0,2,6.586809302102845e-05
3.24,-0.14104670682394166,77.51204875046042,0,100,3.0,2,0.00023858911802817332
3.245,-0.051158381651102834,77.54025705190755,0,100,3.0,2,0.0007971693447038686
3.25,-0.008206426846427752,77.62303509149118,0,100,3.0,2,0.002436338445369808
3.255,0.005350271385530505,77.84269814607144,0,100,3.0,2,0.006786101902404783
3.26,0.01084668799215426,78.36850162670893,0,100,3.0,2,0.017198052014038293
3.265,0.016256859896386415,79.50109120486341,0,100,3.0,2,0.039625568413136913
3.27,0.02345021205790711,81.6902018193245,0,100,3.0,2,0.0829742934519703
3.275,0.0330621597308209,85.47245634088574,0,100,3.0,2,0.15787042259179687
3.28,0.04559141319943196,91.28156349234476,0,100,3.0,2,0.27290224737316354
3.285,0.06149084917446989,99.14406815206804,0,100,3.0,2,0.42859540895184245
3.29,0.08111733445924295,108.382822197554,0,100,3.0,2,0.6115410336149308
3.295,0.1046628598272375,117.53654143486888,0,100,3.0,2,0.7928028006904728
3.3,0.1320831047748631,124.66411210492427,0,100,3.0,2,0.9339428139588964
3.305,0.16303381314489318,128.0,0,100,3.0,2,1.0
3.31,0.19682662652900276,126.67170864118145,0,100,3.0,2,0.9736972008154743
3.315,0.23241585813229,121.08520651026575,0,100,3.0,2,0.8630733962428861
3.32,0.26842527782774417,112.74898901331807,0,100,3.0,2,0.6979997824419419
3.325,0.30321927900592993,103.64243283024122,0,100,3.0,2,0.5176719372324994
3.33,0.3350163137995362,95.4897324554285,0,100,3.0,2,0.3562323258500692
3.335,0.3620352400956416,89.29811604458322,0,100,3.0,2,0.23362606028877672
3.34,0.3826586036805073,85.29850850715897,0,100,3.0,2,0.15442591103285092
3.345,0.39559233134833227,83.18253963898181,0,100,3.0,2,0.11252553740558036
3.35,0.4,82.42347603714165,0,100,3.0,2,0.09749457499290404
3.355,0.39559233134833227,82.51675000537965,0,100,3.0,2,0.09934158426494354
3.36,0.3826586036805073,83.08767163801866,0,100,3.0,2,0.11064696312908243
3.365,0.3620352400956416,83.8978205453552,0,100,3.0,2,0.12668951574960796
3.37,0.3350163137995362,84.80637987492258,0,100,3.0,2,0.14468078960242742
3.375,0.3032192790059296,85.72767841740519,0,100,3.0,2,0.16292432509713242
3.38,0.26842527782774417,86.6021045588055,0,100,3.0,2,0.18023969423377215
3.385,0.23241585813229,87.38151142982161,0,100,3.0,2,0.19567349365983394
3.39,0.19682662652900276,88.02436528258878,0,100,3.0,2,0.20840327292255
3.395,0.16303381314489318,88.49584381987314,0,100,3.0,2,0.2177394815816464
3.4,0.13208310477486307,88.76975248418826,0,100,3.0,2,0.2231634155284804
3.405,0.10466285982723562,88.83057420039356,0,100,3.0,2,0.22436780594838726
3.41,0.08111733445917907,88.6748296681961,0,100,3.0,2,0.2212837558058633
3.415,0.06149084917398798,88.31138438289861,0,100,3.0,2,0.2140868194633388
3.42,0.04559141333598128,87.76060809277041,0,100,3.0,2,0.2031803582726814
3.425,0.03306217087257399,87.05248326941906,0,100,3.0,2,0.1891580845429516
3.43,0.02345067901074276,86.22390375393708,0,100,3.0,2,0.17275056938489267
3.435,0.016268788896435526,85.31550129752104,0,100,3.0,2,0.15476240193110966
3.44,0.011039026374860051,84.36837830081043,0,100,3.0,2,0.1360074911051571
3.445,0.007326255555493689,83.42110782121381,0,100,3.0,2,0.11724965982601603
3.45,0.0047556414315231815,82.50729439299111,0,100,3.0,2,0.0991543444156656
3.455,0.0030193390635632803,81.65388697691441,0,100,3.0,2,0.08225518766167143
3.46,0.001874953127946523,80.8803184807592,0,100,3.0,2,0.06693699961899406
3.465,0.0011387927410965778,80.19843497970795,0,100,3.0,2,0.05343435603382088
3.47,0.0006765107634274089,79.61308851802234,0,100,3.0,2,0.04184333699054133
3.475,0.00039307957404427924,79.12321039949006,0,100,3.0,2,0.032142780187922035
3.48,0.00022338910511776318,78.7231601872771,0,100,3.0,2,0.024220993807467374
3.485,0.00012417073320013317,78.40415575531765,0,100,3.0,2,0.017904074362725664
3.49,6.750753468904987e-05,78.15562357182725,0,100,3.0,2,0.012982644986678197
3.495,3.5897234866245036e-05,77.96635567064843,0,100,3.0,2,0.00923476575541437
3.5,1.8670050400879738e-05,77.82541034731804,0,100,3.0,2,0.006443769253822589
3.505,9.497421874143672e-06,77.72273929920736,0,100,3.0,2,0.004410679192224986
3.51,4.725434140340885e-06,77.64955940664728,0,100,3.0,2,0.0029615724088571235
3.515,2.299606063738814e-06,77.59851038402637,0,100,3.0,2,0.0019507006737894857
3.52,1.0945633976635486e-06,77.56365048024176,0,100,3.0,2,0.0012604055493418197
3.525,5.095703414287532e-07,77.54034342370706,0,100,3.0,2,0.0007988796773674656
3.53,2.3202944964797243e-07,77.52508390874634,0,100,3.0,2,0.0004967110642839413
3.535,1.0333746954038608e-07,77.51529921215113,0,100,3.0,2,0.0003029546960620715
3.54,4.501406988770349e-08,77.50915365027589,0,100,3.0,2,0.00018126040150279847
3.545,0.0,77.50537243238824,0,100,3.0,2,0.00010638479976716896
3.55,0.0,77.5030931358569,0,100,3.0,2,6.12502149881313e-05
3.555,0.0,77.50174694175949,0,100,3.0,2,3.4592906128562676e-05
3.56,0.0,77.50096785266774,0,100,3.0,2,1.9165399361225913e-05
3.565,0.0,77.50052600693556,0,100,3.0,2,1.0415978921952442e-05
3.57,0.0,77.50028043039491,0,100,3.0,2,5.553077126912943e-06
3.575,0.0,77.50014665946307,0,100,3.0,2,2.904147783562558e-06
3.58,0.001684486749771458,77.5000752396024,0,100,3.0,2,1.4898931167431104e-06
3.585,0.00456624331333666,77.50003786467967,0,100,3.0,2,7.497956370107294e-07
3.59,0.011079731271581421,77.500018692762,0,100,3.0,2,3.7015370292753533e-07
3.595,0.024064571490409,77.50000905240674,0,100,3.0,2,1.7925557898760786e-07
3.6,0.046784906529573234,77.50000430037211,0,100,3.0,2,8.51558834008504e-08
3.605,0.08141644351188804,77.5000020040078,0,100,3.0,2,3.968332271367694e-08
3.61,0.12682276464025305,77.50000091610272,0,100,3.0,2,1.814064793651065e-08
3.615,0.1768320708657512,77.50000041080936,0,100,3.0,3,8.134838879522078e-09
3.62,0.22070063230473494,77.50000018071238,0,100,3.0,3,3.578462903335256e-09
3.625,0.24656126505113576,77.50000007798064,0,100,3.0,3,1.5441711715683064e-09
3.63,0.24656126505724016,77.50000003300937,0,100,3.0,3,6.536509155723414e-10
3.635,0.220700632329898,77.5000000137069,0,100,3.0,3,2.714236668205306e-10
3.64,0.17683207093748562,77.50000000558332,0,100,3.0,3,1.1056073108733526e-10
3.645,0.12682276483597799,77.50000000223099,0,100,3.0,3,4.4178029771267186e-11
3.65,0.08141644409447898,77.50000000087448,0,100,3.0,3,1.731641892583506e-11
3.655,0.04678490952598309,77.50000000033624,0,100,3.0,3,6.658277889433557e-12
3.66,0.024064605020532023,77.50000000012683,0,100,3.0,3,2.511522343231245e-12
3.665,0.011080171739334697,77.50000000004692,0,100,3.0,3,9.29192916229644e-13
3.67,0.004571212771509492,77.50000000001704,0,100,3.0,3,3.3740227333717235e-13
3.675,0.0017299316936037438,77.50000000000607,0,100,3.0,3,1.2015910818596546e-13
3.68,0.0008899431850697582,77.50000000000212,0,100,3.0,3,4.1929056486437595e-14
3.685,0.002128806368910263,77.50000000000072,0,100,3.0,3,1.4351556247035687e-14
3.69,0.009309664818487698,77.50000000000024,0,100,3.0,3,4.783852082345229e-15
3.695,0.03503263543368747,77.50000000000009,0,100,3.0,3,1.6884183820041984e-15
3.7,0.10606267793605692,77.50000000000003,0,100,3.0,3,5.628061273347328e-16
3.705,0.25734927343160535,77.50000000000001,0,100,3.0,3,2.814030636673664e-16
3.71,0.5003202479539708,77.5,0,100,3.0,3,0.0
3.715,0.7793067891790435,77.5,0,100,3.0,3,0.0
3.72,0.9720477407234077,77.50000296249844,1,100,3.0,3,5.866333548744865e-08
3.725,0.967267334488097,77.50000623791465,0,100,3.0,3,1.2352306231771917e-07
3.73,0.7505869905515209,77.50001428061503,0,100,3.0,3,2.827844561111441e-07
3.735,0.4028369574773956,77.50003723221408,0,100,3.0,3,7.372715660071348e-07
3.74,0.04553881263121314,77.5001108437001,0,100,3.0,3,2.194924754443455e-06
3.745,-0.189138810908105,77.5003583964972,0,100,3.0,3,7.096960340696019e-06
3.75,-0.22868072635956738,77.501182171344,0,100,3.0,3,2.340933354452597e-05
3.755,-0.14104670682394166,77.50380467824786,0,100,3.0,3,7.534016332396512e-05
3.76,-0.051158381651102834,77.51165782593294,0,100,3.0,3,0.00023084803827609813
3.765,-0.008206426846427752,77.5335966224769,0,100,3.0,3,0.0006652796530080524
3.77,0.005350271385530505,77.59053331272185,0,100,3.0,3,0.0017927388657791189
3.775,0.01084668799215426,77.72746904695667,0,100,3.0,3,0.00450433756349843
3.78,0.016256859896386415,78.03213843050357,0,100,3.0,3,0.01053739466343693
3.785,0.02345021205790711,78.65824858789371,0,100,3.0,3,0.022935615601855627
3.79,0.0330621597308209,79.8447054890364,0,100,3.0,3,0.04642981166408713
3.795,0.04559141319943196,81.91361678160214,0,100,3.0,3,0.08739835211093355
3.8,0.06149084917446989,85.22452481350312,0,100,3.0,3,0.15296088739610145
3.805,0.08111733445924295,90.06880030306164,0,100,3.0,3,0.2488871347140918
3.81,0.1046628598272375,96.51294300837715,0,100,3.0,3,0.37649392095796336
3.815,0.1320831047748631,104.23854785834601,0,100,3.0,3,0.5294761952147725
3.82,0.16303381314489318,112.45984400219734,0,100,3.0,3,0.6922741386573731
3.825,0.19682662652900276,119.9980053094794,0,100,3.0,3,0.8415446595936514
3.83,0.23241585813229,125.53757473601254,0,100,3.0,3,0.9512391036834167
3.835,0.26842527782774417,128.0,0,100,3.0,3,1.0
3.84,0.30321927900592993,126.89180836635488,0,100,3.0,3,0.9780556112149481
3.845,0.3350163137995362,122.4744115695857,0,100,3.0,3,0.8905824073185287
3.85,0.3620352400956416,115.6764248123543,0,100,3.0,3,0.7559688081654317
3.855,0.3826586036805073,107.78956631187174,0,100,3.0,3,0.5997933923142919
3.86,0.39559233134833227,100.08516728784107,0,100,3.0,3,0.4472310354027935
3.865,0.4,93.50661991231735,0,100,3.0,3,0.3169627705409376
3.87,0.39559233134833227,88.53287890241118,0,100,3.0,3,0.21847284955269672
3.875,0.3826586036805073,85.21553134284277,0,100,3.0,3,0.15278279886817359
3.88,0.3620352400956416,83.32232502267858,0,100,3.0,3,0.1152935648055165
3.885,0.3350163137995362,82.50166604103804,0,100,3.0,3,0.09904289190174327
3.89,0.3032192790059296,82.40734321991523,0,100,3.0,3,0.09717511326564819
3.895,0.26842527782774417,82.76277175392498,0,100,3.0,3,0.1042133020579204
3.9,0.23241585813229,83.37479852576797,0,100,3.0,3,0.1163326440746133
3.905,0.19682662652900276,84.11928489680142,0,100,3.0,3,0.1310749484515132
3.91,0.16303381314489318,84.91824422362451,0,100,3.0,3,0.14689592522028738
3.915,0.13208310477486307,85.71996481329595,0,100,3.0,3,0.16277158046130585
3.92,0.10466285982723562,86.48593626724252,0,100,3.0,3,0.1779393320246044
3.925,0.08111733445917907,87.18404127410177,0,100,3.0,3,0.19176319354656976
3.93,0.06149084917398798,87.78600746918313,0,100,3.0,3,0.20368331622144817
3.935,0.04559141333598128,88.26721388243585,0,100,3.0,3,0.2132121560878387
3.94,0.03306217087257399,88.60753321720543,0,100,3.0,3,0.2199511528159491
3.945,0.02345067901074276,88.79243107822423,0,100,3.0,3,0.22361249659849952
3.95,0.016268788896435526,88.81389846101516,0,100,3.0,3,0.22403759328742884
3.955,0.011039026374860051,88.67099812814219,0,100,3.0,3,0.22120788372558786
3.96,0.007326255555493689,88.36992451308627,0,100,3.0,3,0.21524602996210446
3.965,0.0047556414315231815,87.92355634630057,0,100,3.0,3,0.20640705636238757
3.97,0.0030193390635632803,87.35054249369495,0,100,3.0,3,0.1950602473998999
3.975,0.001874953127946523,86.67401021165833,0,100,3.0,3,0.18166356854768964
3.98,0.0011387927410965778,85.92002012496754,0,100,3.0,3,0.16673307178153537
3.985,0.0006765107634274089,85.11591134258094,0,100,3.0,3,0.15081012559566226
3.99,0.00039307957404427924,84.28868206654177,0,100,3.0,3,0.13442934785231223
3.995,0.00022338910511776318,83.46353675053035,0,100,3.0,3,0.11808983664416539
4.0,0.00012417073320013317,82.66270333596,0,100,3.0,3,0.10223174922693076
4.005,6.750753468904987e-05,81.90458788413636,0,100,3.0,3,0.08721956206210617
4.01,3.5897234866245036e-05,81.20329432496659,0,100,3.0,3,0.07333256089042757
4.015,1.8670050400879738e-05,80.5684992351286,0,100,3.0,3,0.06076236109165541
4.02,9.497421874143672e-06,80.00563985868109,0,100,3.0,3,0.04961663086497214
4.025,4.725434140340885e-06,79.51635092389155,0,100,3.0,3,0.03992774106715943
4.03,2.299606063738814e-06,79.0990735069262,0,100,3.0,3,0.03166482191933075
4.035,1.0945633976635486e-06,78.74975699852942,0,100,3.0,3,0.024747663337216248
4.04,5.095703414287532e-07,78.46258162434901,0,100,3.0,3,0.0190610222643369
4.045,2.3202944964797243e-07,78.23064160050076,0,100,3.0,3,0.014468150504965555
4.05,1.0333746954038608e-07,78.0465451756297,0,100,3.0,3,0.01082267674514263
4.055,4.501406988770349e-08,77.9029049232077,0,100,3.0,3,0.007978315311043564
4.06,0.0,77.792707549016,0,100,3.0,3,0.005796189089425757
4.065,0.0,77.70956565642611,0,100,3.0,3,0.004149814978734806
4.07,0.0,77.64786355410972,0,100,3.0,3,0.0029279911704894867
4.075,0.0,77.60281512541162,0,100,3.0,3,0.0020359430774578983
4.08,0.0,77.57045433470391,0,100,3.0,3,0.0013951353406714971
4.085,0.0,77.54757877616558,0,100,3.0,3,0.0009421539834768215
4.09,0.0,77.5316645744132,0,100,3.0,3,0.0006270212755088895
4.095,0.0,77.5207677230544,0,100,3.0,3,0.00041124204068128704
4.1,0.0,77.51342328935382,0,100,3.0,3,0.00026580770997671236
4.105,0.0,77.50855034936433,0,100,3.0,3,0.00016931384879856045
4.11,0.0,77.50536739563128,0,100,3.0,3,0.00010628506200558573
4.115,0.0,77.50332045956841,0,100,3.0,3,6.575167462205902e-05
4.12,0.0,77.50202435942687,0,100,3.0,3,4.008632528453826e-05
4.125,0.0,77.50121627531419,0,100,3.0,3,2.4084659686974587e-05
4.13,0.0,77.50072016332395,0,100,3.0,3,1.4260659880149135e-05
4.135,0.0,77.50042022796278,0,100,3.0,3,8.321345797576844e-06
4.14,0.0,77.50024165385936,0,100,3.0,3,4.785224937864264e-06
4.145,0.0,77.50013694852625,0,100,3.0,3,2.7118520048958036e-06
4.15,0.0,77.50007648492242,0,100,3.0,3,1.5145529191456019e-06
4.155,0.0,77.50004209680522,0,100,3.0,3,8.336001033035471e-07
4.16,0.0,77.50002283375228,0,100,3.0,3,4.5215351054922745e-07
4.165,0.0,77.50001220563202,0,100,3.0,3,2.416956835243735e-07
4.17,0.001684486749771458,77.5000064298094,0,100,3.0,3,1.2732295847782363e-07
4.175,0.00456624331333666,77.50000333803408,0,100,3.0,3,6.609968468723364e-08
4.18,0.011079731271581421,77.50000170780497,0,100,3.0,3,3.381792018696822e-08
4.185,0.024064571490409,77.50000086107428,0,100,3.0,3,1.7050975918326652e-08
4.19,0.046784906529573234,77.50000042785618,0,100,3.0,3,8.472399582784095e-09
4.195,0.08141644351188804,77.50000020951245,0,100,3.0,3,4.148761387240132e-09
4.2,0.12682276464025305,77.50000010110594,0,100,3.0,3,2.0020978142680844e-09
4.205,0.1768320708657512,77.50000004808376,0,100,3.0,3,9.52153717806519e-10
4.21,0.22070063230473494,77.5000000225359,0,100,3.0,3,4.46255450634174e-10
4.215,0.24656126505113576,77.50000001040894,0,100,3.0,3,2.0611761362605386e-10
4.22,0.24656126505724016,77.50000000473797,0,100,3.0,3,9.38211884420183e-11
4.225,0.220700632329898,77.50000000212536,0,100,3.0,3,4.2086360799027655e-11
4.23,0.17683207093748562,77.50000000093956,0,100,3.0,3,1.8605244957431598e-11
4.235,0.12682276483597799,77.50000000040933,0,100,3.0,3,8.105533845874822e-12
4.24,0.08141644409447898,77.50000000017575,0,100,3.0,3,3.4801116883743206e-12
4.245,0.04678490952598309,77.50000000007437,0,100,3.0,3,1.4725822321713284e-12
4.25,0.024064605020532023,77.50000000003101,0,100,3.0,3,6.140214849221935e-13
4.255,0.011080171739334697,77.50000000001275,0,100,3.0,3,2.5241854810962767e-13
4.26,0.004571212771509492,77.50000000000516,0,100,3.0,3,1.0214931211125401e-13
4.265,0.0017299316936037438,77.50000000000206,0,100,3.0,3,4.080344423176813e-14
4.27,0.0008899431850697582,77.50000000000081,0,100,3.0,3,1.6039974629039884e-14
4.275,0.002128806368910263,77.50000000000031,0,100,3.0,3,6.190867400682061e-15
4.28,0.009309664818487698,77.50000000000011,0,100,3.0,3,2.2512245093389313e-15
4.285,0.03503263543368747,77.50000000000004,0,100,3.0,3,8.442091910020992e-16
4.29,0.10606267793605692,77.50000000000001,0,100,3.0,3,2.814030636673664e-16
4.295,0.25734927343160535,77.5,0,100,3.0,3,0.0
4.3,0.5003202479539708,77.5,0,100,3.0,3,0.0
4.305,0.7793067891790435,77.5,0,100,3.0,3,0.0
4.31,0.9720477407234077,77.50000297262514,1,100,3.0,3,5.8863864154827213e-08
4.315,0.967267334488097,77.50000602692357,0,100,3.0,3,1.193450212231075e-07
4.32,0.7505869905515209,77.50001314884915,0,100,3.0,3,2.603732504761829e-07
4.325,0.4028369574773956,77.50003218277465,0,100,3.0,3,6.372826662597374e-07
4.33,0.04553881263121314,77.5000891336331,0,100,3.0,3,1.7650224375563202e-06
4.335,-0.189138810908105,77.5002690214767,0,100,3.0,3,5.32715795439925e-06
4.34,-0.22868072635956738,77.50083732265789,0,100,3.0,3,1.6580646690828313e-05
4.345,-0.14104670682394166,77.50257317183726,0,100,3.0,3,5.09538977674351e-05
4.35,-0.051158381651102834,77.5076082097914,0,100,3.0,3,0.00015065761963167613
4.355,-0.008206426846427752,77.52135258747315,0,100,3.0,3,0.0004228235143197217
4.36,0.005350271385530505,77.55649700924465,0,100,3.0,3,0.0011187526583099309
4.365,0.01084668799215426,77.64045440057028,0,100,3.0,3,0.0027812752588173757
4.37,0.016256859896386415,77.82751617390053,0,100,3.0,3,0.006485468790109587
4.375,0.02345021205790711,78.21569569973141,0,100,3.0,3,0.014172192073889358
4.38,0.0330621597308209,78.96491975294279,0,100,3.0,3,0.029008311939461205
4.385,0.04559141319943196,80.30785299502509,0,100,3.0,3,0.05560104940643736
4.39,0.06149084917446989,82.53901529227541,0,100,3.0,3,0.0997824810351566
4.395,0.08111733445924295,85.96626012174221,0,100,3.0,3,0.16764871528202394
4.4,0.1046628598272375,90.81658192531896,0,100,3.0,3,0.2636946915904744
4.405,0.1320831047748631,97.10833980159956,0,100,3.0,3,0.38828395646731795
4.41,0.16303381314489318,104.52938760793602,0,100,3.0,3,0.5352353981769508
4.415,0.19682662652900276,112.38094101245923,0,100,3.0,3,0.6907117032170145
4.42,0.23241585813229,119.64223165483207,0,100,3.0,3,0.834499636729348
4.425,0.26842527782774417,125.1719099748606,0,100,3.0,3,0.9439982173239723
4.43,0.30321927900592993,128.0,0,100,3.0,3,1.0
4.435,0.3350163137995362,127.6101393237791,0,100,3.0,3,0.992279986609487
4.44,0.3620352400956416,124.10010403781507,0,100,3.0,3,0.9227743373824767
4.445,0.3826586036805073,118.15277378027952,0,100,3.0,3,0.8050054213916736
4.45,0.39559233134833227,110.8299379581053,0,100,3.0,3,0.6599987714476298
4.455,0.4,103.27489006078626,0,100,3.0,3,0.510393862589827
4.46,0.39559233134833227,96.43814350154825,0,100,3.0,3,0.3750127426049159
4.465,0.3826586036805073,90.9137835998359,0,100,3.0,3,0.26561947722447316
4.47,0.3620352400956416,86.9136909261355,0,100,3.0,3,0.1864097213096139
4.475,0.3350163137995362,84.34894125219122,0,100,3.0,3,0.13562259905329158
4.48,0.3032192790059296,82.95851223358169,0,100,3.0,3,0.10808935116003339
4.485,0.26842527782774417,82.42961246934831,0,100,3.0,3,0.09761608850194681
4.49,0.23241585813229,82.47825904809713,0,100,3.0,3,0.09857938709103227
4.495,0.19682662652900276,82.88510695734854,0,100,3.0,3,0.10663578133363447
4.5,0.16303381314489318,83.49817142324218,0,100,3.0,3,0.11877567174736997
4.505,0.13208310477486307,84.218703403949,0,100,3.0,3,0.1330436317613662
4.51,0.10466285982723562,84.98313005843968,0,100,3.0,3,0.14818079323642938
4.515,0.08111733445917907,85.74806308660983,0,100,3.0,3,0.163327981913066
4.52,0.06149084917398798,86.48049615879853,0,100,3.0,3,0.17783160710492138
4.525,0.04559141333598128,87.1526196872008,0,100,3.0,3,0.19114098390496628
4.53,0.03306217087257399,87.73979816955085,0,100,3.0,3,0.20276828058516538
4.535,0.02345067901074276,88.22034613356011,0,100,3.0,3,0.2122840818526755
4.54,0.016268788896435526,88.57613991279077,0,100,3.0,3,0.2193295032235795
4.545,0.011039026374860051,88.79347868239333,0,100,3.0,3,0.22363324123551145
4.55,0.007326255555493689,88.86386439984123,0,100,3.0,3,0.2250270178186383
4.555,0.0047556414315231815,88.78452238775425,0,100,3.0,3,0.22345588886642082
4.56,0.0030193390635632803,88.55857365850133,0,100,3.0,3,0.21898165660398675
4.565,0.001874953127946523,88.19482866332193,0,100,3.0,3,0.2117787854123154
4.57,0.0011387927410965778,87.70721657209255,0,100,3.0,3,0.2021231004374762
4.575,0.0006765107634274089,87.11390019357708,0,100,3.0,3,0.1903742612589521
4.58,0.00039307957404427924,86.43615452975533,0,100,3.0,3,0.17695355504465995
4.585,0.00022338910511776318,85.6971052748557,0,100,3.0,3,0.16231891633377626
4.59,0.00012417073320013317,84.92043109401514,0,100,3.0,3,0.14693922958445826
4.595,6.750753468904987e-05,84.12913009206147,0,100,3.0,3,0.13126990281309847
4.6,3.5897234866245036e-05,83.3444376315581,0,100,3.0,3,0.11573143824867513
4.605,1.8670050400879738e-05,82.58496182074326,0,100,3.0,3,0.10069231328204475
4.61,9.497421874143672e-06,81.86607755524824,0,100,3.0,3,0.08645698129204434
4.615,4.725434140340885e-06,81.1995932352933,0,100,3.0,3,0.07325927198600607
4.62,2.299606063738814e-06,80.59367928154045,0,100,3.0,3,0.061260975872088036
4.625,1.0945633976635486e-06,80.05302685084085,0,100,3.0,3,0.05055498714536339
4.63,5.095703414287532e-07,79.5791903812813,0,100,3.0,3,0.041172086758045415
4.635,2.3202944964797243e-07,79.17105949996414,0,100,3.0,3,0.03309028712800286
4.64,1.0333746954038608e-07,78.82540422739977,0,100,3.0,3,0.026245628265342033
4.645,4.501406988770349e-08,78.53744138964515,0,100,3.0,3,0.02054339385435946
4.65,0.0,78.30137828670698,0,100,3.0,3,0.01586887696449461
4.655,0.0,78.11090032048983,0,100,3.0,3,0.012097036049303622
4.66,0.0,77.95958084176635,0,100,3.0,3,0.009100610728046602
4.665,0.0,77.84120254425764,0,100,3.0,3,0.006756486024903777
4.67,0.0,77.74998928072644,0,100,3.0,3,0.004950282786662154
4.675,0.0,77.68075457337353,0,100,3.0,3,0.0035792984826442343
4.68,0.0,77.62897810246339,0,100,3.0,3,0.0025540218309582667
4.685,0.0,77.59082417329567,0,100,3.0,3,0.0017984984811024256
4.69,0.0,77.56311690651798,0,100,3.0,3,0.0012498397330292315
4.695,0.0,77.54328612787634,0,100,3.0,3,0.0008571510470562883
4.7,0.0,77.52929615012752,0,100,3.0,3,0.0005801217847033963
4.705,0.0,77.51956731102686,0,100,3.0,3,0.00038747150548240573
4.71,0.0,77.51289764815891,0,100,3.0,3,0.00025539897344380267
4.715,0.0,77.5083897435128,0,100,3.0,3,0.00016613353490680706
4.72,0.0,77.5053857429786,0,100,3.0,3,0.00010664837581393074
4.725,0.0,77.50341193968492,0,100,3.0,3,6.756316207769271e-05
4.73,0.0,77.50213312275217,0,100,3.0,3,4.224005449841435e-05
4.735,0.0,77.50131610073626,0,100,3.0,3,2.606140071804367e-05
4.74,0.0,77.5008013480742,0,100,3.0,3,1.586827869713002e-05
4.745,0.0,77.50048151746557,0,100,3.0,3,9.53499931828185e-06
4.75,0.0,77.5002855365269,0,100,3.0,3,5.654188651540086e-06
4.755,0.0,77.50016709755003,0,100,3.0,3,3.3088623768948633e-06
4.76,0.0,77.50009650221315,0,100,3.0,3,1.910934913937153e-06
4.765,0.0,77.50005500007046,0,100,3.0,3,1.0891103061517737e-06
4.77,0.0,77.50003093484894,0,100,3.0,3,6.125712660728949e-07
4.775,0.0,77.50001717083974,0,100,3.0,3,3.400166285205565e-07
4.78,0.0,77.5000094057591,0,100,3.0,3,1.862526554723805e-07
4.785,0.0,77.50000508457842,0,100,3.0,3,1.0068472116328471e-07
4.79,0.001684486749771458,77.50000271253174,0,100,3.0,3,5.371349977782068e-08
4.795,0.00456624331333666,77.50000142808314,0,100,3.0,3,2.8278874019138535e-08
4.8,0.011079731271581421,77.50000074197783,0,100,3.0,3,1.4692630267547591e-08
4.805,0.024064571490409,77.50000038044087,0,100,3.0,3,7.533482502286362e-09
4.81,0.046784906529573234,77.50000019250507,0,100,3.0,3,3.811981577479792e-09
4.815,0.08141644351188804,77.50000009612934,0,100,3.0,3,1.9035513055809637e-09
4.82,0.12682276464025305,77.50000004737274,0,100,3.0,4,9.38073996918986e-10
4.825,0.1768320708657512,77.5000000230388,0,100,3.0,4,4.562137422512348e-10
4.83,0.22070063230473494,77.50000001105732,0,100,3.0,4,2.1895690980894113e-10
4.835,0.24656126505113576,77.5000000052372,0,100,3.0,4,1.0370687806865288e-10
4.84,0.24656126505724016,77.50000000244798,0,100,3.0,4,4.8474773150404206e-11
4.845,0.220700632329898,77.50000000112921,0,100,3.0,4,2.2360568842072603e-11
4.85,0.17683207093748562,77.50000000051404,0,100,3.0,4,1.0178911618975978e-11
4.855,0.12682276483597799,77.50000000023093,0,100,3.0,4,4.5727997845947045e-12
4.86,0.08141644409447898,77.50000000010237,0,100,3.0,4,2.0272276706597077e-12
4.865,0.04678490952598309,77.50000000004479,0,100,3.0,4,8.869824566795389e-13
4.87,0.024064605020532023,77.50000000001934,0,100,3.0,4,3.829895696512857e-13
4.875,0.011080171739334697,77.50000000000824,0,100,3.0,4,1.632137769270725e-13
4.88,0.004571212771509492,77.50000000000347,0,100,3.0,4,6.86623475348374e-14
4.885,0.0017299316936037438,77.50000000000144,0,100,3.0,4,2.842170943040401e-14
4.89,0.0008899431850697582,77.50000000000058,0,100,3.0,4,1.1537525610362024e-14
4.895,0.002128806368910263,77.50000000000024,0,100,3.0,4,4.783852082345229e-15
4.9,0.009309664818487698,77.5000000000001,0,100,3.0,4,1.969821445671565e-15
4.905,0.03503263543368747,77.50000000000004,0,100,3.0,4,8.442091910020992e-16
4.91,0.10606267793605692,77.50000000000001,0,100,3.0,4,2.814030636673664e-16
4.915,0.25734927343160535,77.5,0,100,3.0,4,0.0
4.92,0.5003202479539708,77.5,0,100,3.0,4,0.0
4.925,0.7793067891790435,77.5,0,100,3.0,4,0.0
4.93,0.9720477407234077,77.50000297262514,1,100,3.0,4,5.8863864154827213e-08
4.935,0.967267334488097,77.50000602692357,0,100,3.0,4,1.193450212231075e-07
4.94,0.7505869905515209,77.50001314884915,0,100,3.0,4,2.603732504761829e-07
4.945,0.4028369574773956,77.50003218277465,0,100,3.0,4,6.372826662597374e-07
4.95,0.04553881263121314,77.5000891336331,0,100,3.0,4,1.7650224375563202e-06
4.955,-0.189138810908105,77.5002690214767,0,100,3.0,4,5.32715795439925e-06
4.96,-0.22868072635956738,77.50083732265789,0,100,3.0,4,1.6580646690828313e-05
4.965,-0.14104670682394166,77.50257317183726,0,100,3.0,4,5.09538977674351e-05
4.97,-0.051158381651102834,77.5076082097914,0,100,3.0,4,0.00015065761963167613
4.975,-0.008206426846427752,77.52135258747315,0,100,3.0,4,0.0004228235143197217
4.98,0.005350271385530505,77.55649700924465,0,100,3.0,4,0.0011187526583099309
4.985,0.01084668799215426,77.64045440057028,0,100,3.0,4,0.0027812752588173757
4.99,0.016256859896386415,77.82751617390053,0,100,3.0,4,0.006485468790109587
4.995,0.02345021205790711,78.21569569973141,0,100,3.0,4,0.014172192073889358
5.0,0.0330621597308209,78.96491975294279,0,100,3.0,4,0.029008311939461205
5.005,0.04559141319943196,80.30785299502509,0,100,3.0,4,0.05560104940643736
5.01,0.06149084917446989,82.53901529227541,0,100,3.0,4,0.0997824810351566
5.015,0.08111733445924295,85.96626012174221,0,100,3.0,4,0.16764871528202394
5.02,0.1046628598272375,90.81658192531896,0,100,3.0,4,0.2636946915904744
5.025,0.1320831047748631,97.10833980159956,0,100,3.0,4,0.38828395646731795
5.03,0.16303381314489318,104.52938760793602,0,100,3.0,4,0.5352353981769508
5.035,0.19682662652900276,112.38094101245923,0,100,3.0,4,0.6907117032170145
5.04,0.23241585813229,119.64223165483207,0,100,3.0,4,0.834499636729348
5.045,0.26842527782774417,125.1719099748606,0,100,3.0,4,0.9439982173239723
5.05,0.30321927900592993,128.0,0,100,3.0,4,1.0
5.055,0.3350163137995362,127.6101393237791,0,100,3.0,4,0.992279986609487
5.06,0.3620352400956416,124.10010403781507,0,100,3.0,4,0.9227743373824767
5.065,0.3826586036805073,118.15277378027952,0,100,3.0,4,0.8050054213916736
5.07,0.39559233134833227,110.8299379581053,0,100,3.0,4,0.6599987714476298
5.075,0.4,103.27489006078626,0,100,3.0,4,0.510393862589827
5.08,0.39559233134833227,96.43814350154825,0,100,3.0,4,0.3750127426049159
5.085,0.3826586036805073,90.9137835998359,0,100,3.0,4,0.26561947722447316
5.09,0.3620352400956416,86.9136909261355,0,100,3.0,4,0.1864097213096139
5.095,0.3350163137995362,84.34894125219122,0,100,3.0,4,0.13562259905329158
5.1,0.3032192790059296,82.95851223358169,0,100,3.0,4,0.10808935116003339
5.105,0.26842527782774417,82.42961246934831,0,100,3.0,4,0.09761608850194681
5.11,0.23241585813229,82.47825904809713,0,100,3.0,4,0.09857938709103227
5.115,0.19682662652900276,82.88510695734854,0,100,3.0,4,0.10663578133363447
5.12,0.16303381314489318,83.49817142324218,0,100,3.0,4,0.11877567174736997
5.125,0.13208310477486307,84.218703403949,0,100,3.0,4,0.1330436317613662
5.13,0.10466285982723562,84.98313005843968,0,100,3.0,4,0.14818079323642938
5.135,0.08111733445917907,85.74806308660983,0,100,3.0,4,0.163327981913066
5.14,0.06149084917398798,86.48049615879853,0,100,3.0,4,0.17783160710492138
5.145,0.04559141333598128,87.1526196872008,0,100,3.0,4,0.19114098390496628
5.15,0.03306217087257399,87.73979816955085,0,100,3.0,4,0.20276828058516538
5.155,0.02345067901074276,88.22034613356011,0,100,3.0,4,0.2122840818526755
5.16,0.016268788896435526,88.57613991279077,0,100,3.0,4,0.2193295032235795
5.165,0.011039026374860051,88.79347868239333,0,100,3.0,4,0.22363324123551145
5.17,0.007326255555493689,88.86386439984123,0,100,3.0,4,0.2250270178186383
5.175,0.0047556414315231815,88.78452238775425,0,100,3.0,4,0.22345588886642082
5.18,0.0030193390635632803,88.55857365850133,0,100,3.0,4,0.21898165660398675
5.185,0.001874953127946523,88.19482866332193,0,100,3.0,4,0.2117787854123154
5.19,0.0011387927410965778,87.70721657209255,0,100,3.0,4,0.2021231004374762
5.195,0.0006765107634274089,87.11390019357708,0,100,3.0,4,0.1903742612589521
5.2,0.00039307957404427924,86.43615452975533,0,100,3.0,4,0.17695355504465995
5.205,0.00022338910511776318,85.6971052748557,0,100,3.0,4,0.16231891633377626
5.21,0.00012417073320013317,84.92043109401514,0,100,3.0,4,0.14693922958445826
5.215,6.750753468904987e-05,84.12913009206147,0,100,3.0,4,0.13126990281309847
5.22,3.5897234866245036e-05,83.3444376315581,0,100,3.0,4,0.11573143824867513
5.225,1.8670050400879738e-05,82.58496182074326,0,100,3.0,4,0.10069231328204475
5.23,9.497421874143672e-06,81.86607755524824,0,100,3.0,4,0.08645698129204434
5.235,4.725434140340885e-06,81.1995932352933,0,100,3.0,4,0.07325927198600607
5.24,2.299606063738814e-06,80.59367928154045,0,100,3.0,4,0.061260975872088036
5.245,1.0945633976635486e-06,80.05302685084085,0,100,3.0,4,0.05055498714536339
5.25,5.095703414287532e-07,79.5791903812813,0,100,3.0,4,0.041172086758045415
5.255,2.3202944964797243e-07,79.17105949996414,0,100,3.0,4,0.03309028712800286
5.26,1.0333746954038608e-07,78.82540422739977,0,100,3.0,4,0.026245628265342033
5.265,4.501406988770349e-08,78.53744138964515,0,100,3.0,4,0.02054339385435946
5.27,0.0,78.30137828670698,0,100,3.0,4,0.01586887696449461
5.275,0.0,78.11090032048983,0,100,3.0,4,0.012097036049303622
5.28,0.0,77.95958084176635,0,100,3.0,4,0.009100610728046602
5.285,0.0,77.84120254425764,0,100,3.0,4,0.006756486024903777
5.29,0.0,77.74998928072644,0,100,3.0,4,0.004950282786662154
5.295,0.0,77.68075457337353,0,100,3.0,4,0.0035792984826442343
5.3,0.0,77.62897810246339,0,100,3.0,4,0.0025540218309582667
5.305,0.0,77.59082417329567,0,100,3.0,4,0.0017984984811024256
5.31,0.0,77.56311690651798,0,100,3.0,4,0.0012498397330292315
5.315,0.0,77.54328612787634,0,100,3.0,4,0.0008571510470562883
5.32,0.0,77.52929615012752,0,100,3.0,4,0.0005801217847033963
5.325,0.0,77.51956731102686,0,100,3.0,4,0.00038747150548240573
5.33,0.0,77.51289764815891,0,100,3.0,4,0.00025539897344380267
5.335,0.0,77.5083897435128,0,100,3.0,4,0.00016613353490680706
5.34,0.0,77.5053857429786,0,100,3.0,4,0.00010664837581393074
5.345,0.0,77.50341193968492,0,100,3.0,4,6.756316207769271e-05
5.35,0.0,77.50213312275217,0,100,3.0,4,4.224005449841435e-05
5.355,0.0,77.50131610073626,0,100,3.0,4,2.606140071804367e-05
5.36,0.0,77.5008013480742,0,100,3.0,4,1.586827869713002e-05
5.365,0.0,77.50048151746557,0,100,3.0,4,9.53499931828185e-06
5.37,0.0,77.5002855365269,0,100,3.0,4,5.654188651540086e-06
5.375,0.0,77.50016709755003,0,100,3.0,4,3.3088623768948633e-06
5.38,0.0,77.50009650221315,0,100,3.0,4,1.910934913937153e-06
5.385,0.0,77.50005500007046,0,100,3.0,4,1.0891103061517737e-06
5.39,0.0,77.50003093484894,0,100,3.0,4,6.125712660728949e-07
5.395,0.0,77.50001717083974,0,100,3.0,4,3.400166285205565e-07
5.4,0.0,77.5000094057591,0,100,3.0,4,1.862526554723805e-07
5.405,0.0,77.50000508457842,0,100,3.0,4,1.0068472116328471e-07
5.41,0.001684486749771458,77.50000271253174,0,100,3.0,4,5.371349977782068e-08
5.415,0.00456624331333666,77.50000142808314,0,100,3.0,4,2.8278874019138535e-08
5.42,0.011079731271581421,77.50000074197783,0,100,3.0,4,1.4692630267547591e-08
5.425,0.024064571490409,77.50000038044087,0,100,3.0,4,7.533482502286362e-09
5.43,0.046784906529573234,77.50000019250507,0,100,3.0,4,3.811981577479792e-09
5.435,0.08141644351188804,77.50000009612934,0,100,3.0,4,1.9035513055809637e-09
5.44,0.12682276464025305,77.50000004737274,0,100,3.0,4,9.38073996918986e-10
5.445,0.1768320708657512,77.5000000230388,0,100,3.0,4,4.562137422512348e-10
5.45,0.22070063230473494,77.50000001105732,0,100,3.0,4,2.1895690980894113e-10
5.455,0.24656126505113576,77.5000000052372,0,100,3.0,4,1.0370687806865288e-10
5.46,0.24656126505724016,77.50000000244798,0,100,3.0,4,4.8474773150404206e-11
5.465,0.220700632329898,77.50000000112921,0,100,3.0,4,2.2360568842072603e-11
5.47,0.17683207093748562,77.50000000051404,0,100,3.0,4,1.0178911618975978e-11
5.475,0.12682276483597799,77.50000000023093,0,100,3.0,4,4.5727997845947045e-12
5.48,0.08141644409447898,77.50000000010237,0,100,3.0,4,2.0272276706597077e-12
5.485,0.04678490952598309,77.50000000004479,0,100,3.0,4,8.869824566795389e-13
5.49,0.024064605020532023,77.50000000001934,0,100,3.0,4,3.829895696512857e-13
5.495,0.011080171739334697,77.50000000000824,0,100,3.0,4,1.632137769270725e-13
5.5,0.004571212771509492,77.50000000000347,0,100,3.0,4,6.86623475348374e-14
5.505,0.0017299316936037438,77.50000000000144,0,100,3.0,4,2.842170943040401e-14
5.51,0.0008899431850697582,77.50000000000058,0,100,3.0,4,1.1537525610362024e-14
5.515,0.002128806368910263,77.50000000000024,0,100,3.0,4,4.783852082345229e-15
5.52,0.009309664818487698,77.5000000000001,0,100,3.0,4,1.969821445671565e-15
5.525,0.03503263543368747,77.50000000000004,0,100,3.0,4,8.442091910020992e-16
5.53,0.10606267793605692,77.50000000000001,0,100,3.0,4,2.814030636673664e-16
5.535,0.25734927343160535,77.5,0,100,3.0,4,0.0
5.54,0.5003202479539708,77.5,0,100,3.0,4,0.0
5.545,0.7793067891790435,77.5,0,100,3.0,4,0.0
5.55,0.9720477407234077,77.50000296085867,1,100,3.0,4,5.863086466933514e-08
5.555,0.967267334488097,77.50000571035189,0,100,3.0,4,1.1307627496174937e-07
5.56,0.7505869905515209,77.50001170443171,0,100,3.0,4,2.3177092502199158e-07
5.565,0.4028369574773956,77.50002641304063,0,100,3.0,4,5.230305075116067e-07
5.57,0.04553881263121314,77.5000665252307,0,100,3.0,4,1.3173313008526675e-06
5.575,-0.189138810908105,77.50018274192149,0,100,3.0,4,3.61865191073118e-06
5.58,-0.22868072635956738,77.50052387318846,0,100,3.0,4,1.0373726504079932e-05
5.585,-0.14104670682394166,77.50150521745815,0,100,3.0,4,2.9806286299912477e-05
5.59,-0.051158381651102834,77.50421964861579,0,100,3.0,4,8.355739833243008e-05
5.595,-0.008206426846427752,77.51136598535467,0,100,3.0,4,0.00022506901692420094
5.6,0.005350271385530505,77.52917765399178,0,100,3.0,4,0.0005777753265699112
5.605,0.01084668799215426,77.57108134476782,0,100,3.0,4,0.001407551381540973
5.61,0.016256859896386415,77.6639647333306,0,100,3.0,4,0.0032468264025861697
5.615,0.02345021205790711,77.85769648779382,0,100,3.0,4,0.0070830987681943895
5.62,0.0330621597308209,78.23750275866202,0,100,3.0,4,0.014604015023010253
5.625,0.04559141319943196,78.93660609869892,0,100,3.0,4,0.02844764551879043
5.63,0.06149084917446989,80.14329255035945,0,100,3.0,4,0.05234242673979104
5.635,0.08111733445924295,82.09338400003853,0,100,3.0,4,0.09095809901066389
5.64,0.1046628598272375,85.03822258680947,0,100,3.0,4,0.14927173439226668
5.645,0.1320831047748631,89.18250782082993,0,100,3.0,4,0.23133678853128567
5.65,0.16303381314489318,94.59721442119522,0,100,3.0,4,0.3385587014098063
5.655,0.19682662652900276,101.12843122811438,0,100,3.0,4,0.46788972728939365
5.66,0.23241585813229,108.33679106398483,0,100,3.0,4,0.6106295260195016
5.665,0.26842527782774417,115.50495517696805,0,100,3.0,4,0.7525733698409516
5.67,0.30321927900592993,121.73545376717152,0,100,3.0,4,0.8759495795479509
5.675,0.3350163137995362,126.12938694554578,0,100,3.0,4,0.9629581573375401
5.68,0.3620352400956416,128.0,0,100,3.0,4,1.0
5.685,0.3826586036805073,127.05213378267595,0,100,3.0,4,0.9812303719341773
5.69,0.39559233134833227,123.46342393853134,0,100,3.0,4,0.9101668106639869
5.695,0.4,117.83691169866654,0,100,3.0,4,0.7987507267062681
5.7,0.39559233134833227,111.0428157522503,0,100,3.0,4,0.6642141733118873
5.705,0.3826586036805073,104.00689074025422,0,100,3.0,4,0.5248889255495885
5.71,0.3620352400956416,97.51613742161487,0,100,3.0,4,0.3963591568636608
5.715,0.3350163137995362,92.09620566947218,0,100,3.0,4,0.28903377563311256
5.72,0.3032192790059296,87.98016572790874,0,100,3.0,4,0.20752803421601468
5.725,0.26842527782774417,85.15367330456162,0,100,3.0,4,0.151557887219042
5.73,0.23241585813229,83.44129238271697,0,100,3.0,4,0.11764935411320726
5.735,0.19682662652900276,82.59709159381332,0,100,3.0,4,0.10093250680818451
5.74,0.16303381314489318,82.37439505741156,0,100,3.0,4,0.09652267440418934
5.745,0.13208310477486307,82.56552256721031,0,100,3.0,4,0.10030737756852096
5.75,0.10466285982723562,83.01490925964377,0,100,3.0,4,0.10920612395334203
5.755,0.08111733445917907,83.6149898322029,0,100,3.0,4,0.12108890756837415
5.76,0.06149084917398798,84.29448016479837,0,100,3.0,4,0.13454416167917568
5.765,0.04559141333598128,85.00585406562266,0,100,3.0,4,0.14863077357668628
5.77,0.03306217087257399,85.71541498624035,0,100,3.0,4,0.16268148487604647
5.775,0.02345067901074276,86.3968221508936,0,100,3.0,4,0.17617469605729896
5.78,0.016268788896435526,87.02758541113411,0,100,3.0,4,0.18866505764622005
5.785,0.011039026374860051,87.58761854591343,0,100,3.0,4,0.19975482269135503
5.79,0.007326255555493689,88.05900895677816,0,100,3.0,4,0.2090892862728348
5.795,0.0047556414315231815,88.42639340038534,0,100,3.0,4,0.21636422575020467
5.8,0.0030193390635632803,88.6775522319961,0,100,3.0,4,0.22133766796031887
5.805,0.001874953127946523,88.8039936388506,0,100,3.0,4,0.22384145819506138
5.81,0.0011387927410965778,88.80139813628098,0,100,3.0,4,0.22379006210457386
5.815,0.0006765107634274089,88.66985288048312,0,100,3.0,4,0.2211852055541212
5.82,0.00039307957404427924,88.41384349586936,0,100,3.0,4,0.21611571278949224
5.825,0.00022338910511776318,88.04199915217103,0,100,3.0,4,0.20875245845883228
5.83,0.00012417073320013317,87.56660940207883,0,100,3.0,4,0.19933880004116486
5.835,6.750753468904987e-05,87.00294999195195,0,100,3.0,4,0.18817722756340496
5.84,3.5897234866245036e-05,86.36846906118626,0,100,3.0,4,0.1756132487363616
5.845,1.8670050400879738e-05,85.68189406124547,0,100,3.0,4,0.16201770418307868
5.85,9.497421874143672e-06,84.96232284202596,0,100,3.0,4,0.1477687691490288
5.855,4.725434140340885e-06,84.22835970510592,0,100,3.0,4,0.1332348456456617
5.86,2.299606063738814e-06,83.49734943647044,0,100,3.0,4,0.11875939478159295
5.865,1.0945633976635486e-06,82.78475053823685,0,100,3.0,4,0.10464852550964059
5.87,5.095703414287532e-07,82.10367455593006,0,100,3.0,4,0.09116187239465456
5.875,2.3202944964797243e-07,81.46460316387433,0,100,3.0,4,0.07850699334404614
5.88,1.0333746954038608e-07,80.87528008464052,0,100,3.0,4,0.06683722939882222
5.885,4.501406988770349e-08,80.34076230091587,0,100,3.0,4,0.05625271883001722
5.89,0.0,79.86360532746926,0,100,3.0,4,0.04680406589048037
5.895,0.0,79.44415107473705,0,100,3.0,4,0.03849804108390198
5.9,0.0,79.08088414773357,0,100,3.0,4,0.031304636588783574
5.905,0.0,78.77082299540983,0,100,3.0,4,0.025164811790293663
5.91,0.0,78.5099155754286,0,100,3.0,4,0.019998328226308773
5.915,0.0,78.2934143679769,0,100,3.0,4,0.015711175603502846
5.92,0.0,78.11621183743308,0,100,3.0,4,0.012202214602635337
5.925,0.0,77.97312402094234,0,100,3.0,4,0.009368792493907646
5.93,0.0,77.85911615682538,0,100,3.0,4,0.00711121102624514
5.935,0.0,77.76946966133801,0,100,3.0,4,0.005336032897782325
5.94,0.0,77.6998940161644,0,100,3.0,4,0.0039582973497899595
5.945,0.0,77.64659011856614,0,100,3.0,4,0.00290277462507204
5.95,0.0,77.6062734021177,0,100,3.0,4,0.0021044238043107654
5.955,0.0,77.57616570333117,0,100,3.0,4,0.0015082317491320926
5.96,0.0,77.55396464383686,0,100,3.0,4,0.0010686068086507624
5.965,0.0,77.537798464583,0,100,3.0,4,0.0007484844471882257
5.97,0.0,77.52617302906836,0,100,3.0,4,0.0005182778033338646
5.975,0.0,77.51791631962661,0,100,3.0,4,0.0003547786064674742
5.98,0.0,77.5121243538018,0,100,3.0,4,0.0002400862138969306
5.985,0.0,77.50811116779626,0,100,3.0,4,0.0001606171840843208
5.99,0.0,77.50536442472783,0,100,3.0,4,0.00010622623223425628
5.995,0.0,77.5035073403457,0,100,3.0,4,6.945228407339032e-05
6.0,0.0,77.50226697980659,0,100,3.0,4,4.489068923944479e-05
6.005,0.0,77.50144854628769,0,100,3.0,4,2.868408490476303e-05
6.01,0.0,77.5009150231643,0,100,3.0,4,1.8119270580123923e-05
6.015,0.0,77.50057140861654,0,100,3.0,4,1.131502210964214e-05
6.02,0.0,77.5003527576711,0,100,3.0,4,6.985300417724856e-06
6.025,0.0,77.50021528864964,0,100,3.0,5,4.263141577065752e-06
6.03,0.0,77.50012989151612,0,100,3.0,5,2.572109230184219e-06
6.035,0.0,77.50007747390087,0,100,3.0,5,1.5341366509567318e-06
6.04,0.0,77.50004568199337,0,100,3.0,5,9.045939281246446e-07
6.045,0.0,77.50002662868097,0,100,3.0,5,5.273006132767369e-07
6.05,0.0,77.50001534508321,0,100,3.0,5,3.0386303392063356e-07
6.055,0.0,77.50000874185959,0,100,3.0,5,1.7310613045965782e-07
6.06,0.0,77.50000492326701,0,100,3.0,5,9.749043591333553e-08
6.065,0.0,77.50000274105619,0,100,3.0,5,5.427834044930572e-08
6.07,0.0,77.50000150868118,0,100,3.0,5,2.9874874851182284e-08
6.075,0.001684486749771458,77.50000082090328,0,100,3.0,5,1.6255510521803824e-08
6.08,0.00456624331333666,77.50000044157197,0,100,3.0,5,8.743999407922481e-09
6.085,0.011079731271581421,77.50000023481508,0,100,3.0,5,4.6498034817427695e-09
6.09,0.024064571490409,77.50000012344272,0,100,3.0,5,2.4444102451741513e-09
6.095,0.046784906529573234,77.50000006415344,0,100,3.0,5,1.270365146410768e-09
6.1,0.08141644351188804,77.50000003296016,0,100,3.0,5,6.526764167628613e-10
6.105,0.12682276464025305,77.5000000167407,0,100,3.0,5,3.3149899986755834e-10
6.11,0.1768320708657512,77.50000000840569,0,100,3.0,5,1.664493493531199e-10
6.115,0.22070063230473494,77.50000000417242,0,100,3.0,5,8.262219071724812e-11
6.12,0.24656126505113576,77.50000000204747,0,100,3.0,5,4.0543990607066817e-11
6.125,0.24656126505724016,77.50000000099325,0,100,3.0,5,1.966838573196691e-11
6.13,0.220700632329898,77.50000000047635,0,100,3.0,5,9.432630694130123e-12
6.135,0.17683207093748562,77.50000000022584,0,100,3.0,5,4.472057487801787e-12
6.14,0.12682276483597799,77.50000000010584,0,100,3.0,5,2.095890018194545e-12
6.145,0.08141644409447898,77.50000000004904,0,100,3.0,5,9.711219727160816e-13
6.15,0.04678490952598309,77.50000000002247,0,100,3.0,5,4.448982436581063e-13
6.155,0.024064605020532023,77.50000000001017,0,100,3.0,5,2.0148459358583435e-13
6.16,0.011080171739334697,77.50000000000455,0,100,3.0,5,9.004898037355726e-14
6.165,0.004571212771509492,77.50000000000202,0,100,3.0,5,3.995923504076603e-14
6.17,0.0017299316936037438,77.50000000000088,0,100,3.0,5,1.7446989947376717e-14
6.175,0.0008899431850697582,77.50000000000038,0,100,3.0,5,7.597882719018894e-15
6.18,0.002128806368910263,77.50000000000016,0,100,3.0,5,3.0954337003410305e-15
6.185,0.009309664818487698,77.50000000000007,0,100,3.0,5,1.4070153183368321e-15
6.19,0.03503263543368747,77.50000000000003,0,100,3.0,5,5.628061273347328e-16
6.195,0.10606267793605692,77.50000000000001,0,100,3.0,5,2.814030636673664e-16
6.2,0.25734927343160535,77.5,0,100,3.0,5,0.0
6.205,0.5003202479539708,77.5,0,100,3.0,5,0.0
6.21,0.7793067891790435,77.5,0,100,3.0,5,0.0
6.215,0.9720477407234077,77.5000029768749,1,100,3.0,5,5.8948017741016935e-08
6.22,0.967267334488097,77.50000639791868,0,100,3.0,5,1.2669145904861705e-07
6.225,0.7505869905515209,77.50001503914727,0,100,3.0,5,2.978048964657976e-07
6.23,0.4028369574773956,77.5000405977313,0,100,3.0,5,8.039154712749602e-07
6.235,0.04553881263121314,77.50012568133535,0,100,3.0,5,2.488739313818796e-06
6.24,-0.189138810908105,77.50042139469598,0,100,3.0,5,8.344449425278683e-06
6.245,-0.22868072635956738,77.50143220973679,0,100,3.0,5,2.8360588847345023e-05
6.25,-0.14104670682394166,77.5047186192955,0,100,3.0,5,9.343800585153338e-05
6.255,-0.051158381651102834,77.51471703980556,0,100,3.0,5,0.0002914265308031825
6.26,-0.008206426846427752,77.54295938552251,0,100,3.0,5,0.0008506809014357997
6.265,0.005350271385530505,77.6167303530177,0,100,3.0,5,0.002311492138964373
6.27,0.01084668799215426,77.79449447378158,0,100,3.0,5,0.005831573738249171
6.275,0.016256859896386415,78.1889498680611,0,100,3.0,5,0.013642571644774282
6.28,0.02345021205790711,78.9936054602403,0,100,3.0,5,0.029576345747332738
6.285,0.0330621597308209,80.4996856165681,0,100,3.0,5,0.059399715179566354
6.29,0.04559141319943196,83.07993103850617,0,100,3.0,5,0.11049368393081534
6.295,0.06149084917446989,87.11287313371587,0,100,3.0,5,0.19035392343991814
6.3,0.08111733445924295,92.83655963825184,0,100,3.0,5,0.3036942502624127
6.305,0.1046628598272375,100.1592760486476,0,100,3.0,5,0.44869853561678413
6.31,0.1320831047748631,108.50359714416015,0,100,3.0,5,0.6139326167160426
6.315,0.16303381314489318,116.78654847688122,0,100,3.0,5,0.777951454987747
6.32,0.19682662652900276,123.60821001847575,0,100,3.0,5,0.913033861751995
6.325,0.23241585813229,127.62847233815549,0,100,3.0,5,0.9926430165971384
6.33,0.26842527782774417,128.0,0,100,3.0,5,1.0
6.335,0.30321927900592993,124.66760400991004,0,100,3.0,5,0.934011960592278
6.34,0.3350163137995362,118.39038146372059,0,100,3.0,5,0.8097105240340711
6.345,0.3620352400956416,110.47562935409675,0,100,3.0,5,0.6529827594870644
6.35,0.3826586036805073,102.35298204453142,0,100,3.0,5,0.4921382583075528
6.355,0.39559233134833227,95.17874322086946,0,100,3.0,5,0.35007412318553394
6.36,0.4,89.61569511522995,0,100,3.0,5,0.23991475475702878
6.365,0.39559233134833227,85.82517009686714,0,100,3.0,5,0.16485485340330971
6.37,0.3826586036805073,83.6090618349903,0,100,3.0,5,0.12097152148495643
6.375,0.3620352400956416,82.59933730320935,0,100,3.0,5,0.1009769763011753
6.38,0.3350163137995362,82.41268319594003,0,100,3.0,5,0.09728085536514917
6.385,0.3032192790059296,82.73585255051967,0,100,3.0,5,0.10368024852514192
6.39,0.26842527782774417,83.34863649182353,0,100,3.0,5,0.11581458399650547
6.395,0.23241585813229,84.11012510513392,0,100,3.0,5,0.1308935664382954
6.4,0.19682662652900276,84.93289016428321,0,100,3.0,5,0.14718594384719225
6.405,0.16303381314489318,85.75985479737454,0,100,3.0,5,0.1635614811361296
6.41,0.13208310477486307,86.54900938892803,0,100,3.0,5,0.17918830473124805
6.415,0.10466285982723562,87.2655137876512,0,100,3.0,5,0.19337651064655845
6.42,0.08111733445917907,87.87880541393756,0,100,3.0,5,0.2055208992858922
6.425,0.06149084917398798,88.36243221298648,0,100,3.0,5,0.21509766758389062
6.43,0.04559141333598128,88.69504827525046,0,100,3.0,5,0.2216841242623853
6.435,0.03306217087257399,88.86166481029888,0,100,3.0,5,0.22498346159007676
6.44,0.02345067901074276,88.85467214111144,0,100,3.0,5,0.22484499289329576
6.445,0.016268788896435526,88.67438787319062,0,100,3.0,5,0.22127500738991338
6.45,0.011039026374860051,88.32902560186928,0,100,3.0,5,0.21443615053206486
6.455,0.007326255555493689,87.834072636083,0,100,3.0,5,0.20463510170461374
6.46,0.0047556414315231815,87.21113807884366,0,100,3.0,5,0.19229976393749823
6.465,0.0030193390635632803,86.48638950473932,0,100,3.0,5,0.177948307024541
6.47,0.001874953127946523,85.68873539894074,0,100,3.0,5,0.16215317621664824
6.475,0.0011387927410965778,84.84792859716677,0,100,3.0,5,0.14550353657755982
6.48,0.0006765107634274089,83.99276234682259,0,100,3.0,5,0.12856955142222945
6.485,0.00039307957404427924,83.14950732513329,0,100,3.0,5,0.11187143218085714
6.49,0.00022338910511776318,82.34069963296807,0,100,3.0,5,0.0958554382765954
6.495,0.00012417073320013317,81.58434279250736,0,100,3.0,5,0.08087807509915558
6.5,6.750753468904987e-05,80.89353805575186,0,100,3.0,5,0.06719877338122497
6.505,3.5897234866245036e-05,80.27651326693037,0,100,3.0,5,0.05498046073129437
6.51,1.8670050400879738e-05,79.73698603104926,0,100,3.0,5,0.04429675309008427
6.515,9.497421874143672e-06,79.27477491320202,0,100,3.0,5,0.03514405768716877
6.52,4.725434140340885e-06,78.88656355336967,0,100,3.0,5,0.027456704027122157
6.525,2.299606063738814e-06,78.56672572691414,0,100,3.0,5,0.02112328172107214
6.53,1.0945633976635486e-06,78.30813189638289,0,100,3.0,5,0.01600261180956216
6.535,5.095703414287532e-07,78.10287630828009,0,100,3.0,5,0.011938144718417582
6.54,2.3202944964797243e-07,77.94288469900617,0,100,3.0,5,0.008769994039726167
6.545,1.0333746954038608e-07,77.82038311916784,0,100,3.0,5,0.0063442201815414505
6.55,4.501406988770349e-08,77.72822597134211,0,100,3.0,5,0.004519326165190349
6.555,0.0,77.66009471412842,0,100,3.0,5,0.0031701923589786034
6.56,0.0,77.61058733996865,0,100,3.0,5,0.0021898483162108096
6.565,0.0,77.57522294299544,0,100,3.0,5,0.0014895632276324417
6.57,0.0,77.55038621312866,0,100,3.0,5,0.0009977467946269503
6.575,0.0,77.53323453510313,0,100,3.0,5,0.0006581096060026449
6.58,0.0,77.52158658720883,0,100,3.0,5,0.0004274571724520814
6.585,0.0,77.51380685790998,0,100,3.0,5,0.0002734031269303704
6.59,0.0,77.5086960537223,0,100,3.0,5,0.0001721990836099709
6.595,0.0,77.50539344261945,0,100,3.0,5,0.00010680084394950859
6.6,0.0,77.50329402128571,0,100,3.0,5,6.522814427151136e-05
6.605,0.0,77.50198108554771,0,100,3.0,5,3.922941678637255e-05
6.61,0.0,77.50117326616962,0,100,3.0,5,2.323299345773806e-05
6.615,0.0,77.50068423668777,0,100,3.0,5,1.3549241342076076e-05
6.62,0.0,77.5003929458036,0,100,3.0,5,7.781105021721677e-06
6.625,0.0,77.50022221606024,0,100,3.0,5,4.400318024499038e-06
6.63,0.0,77.5001237470122,0,100,3.0,5,2.4504358850775826e-06
6.635,0.0,77.5000678594742,0,100,3.0,5,1.3437519643534554e-06
6.64,0.0,77.50003664398938,0,100,3.0,5,7.256235519862727e-07
6.645,0.0,77.50001948549742,0,100,3.0,5,3.858514340249307e-07
6.65,0.001684486749771458,77.50001020320788,0,100,3.0,5,2.0204372036811162e-07
6.655,0.00456624331333666,77.50000526112309,0,100,3.0,5,1.0418065530171985e-07
6.66,0.011079731271581421,77.50000267138621,0,100,3.0,5,5.289873688480379e-08
6.665,0.024064571490409,77.50000133570758,0,100,3.0,5,2.6449655051422243e-08
6.67,0.046784906529573234,77.50000065766176,0,100,3.0,5,1.3023005107747354e-08
6.675,0.08141644351188804,77.5000003188675,0,100,3.0,5,6.3142080519058494e-09
6.68,0.12682276464025305,77.500000152242,0,100,3.0,5,3.0146929705074623e-09
6.685,0.1768320708657512,77.50000007157726,0,100,3.0,5,1.4173715138859185e-09
6.69,0.22070063230473494,77.50000003313846,0,100,3.0,5,6.562071810026957e-10
6.695,0.24656126505113576,77.50000001510796,0,100,3.0,5,2.991674762705599e-10
6.7,0.24656126505724016,77.5000000067826,0,100,3.0,5,1.3430889843635165e-10
6.705,0.220700632329898,77.50000000299849,0,100,3.0,5,5.937604643381431e-11
6.71,0.17683207093748562,77.50000000130535,0,100,3.0,5,2.584855981622961e-11
6.715,0.12682276483597799,77.50000000055958,0,100,3.0,5,1.1080808438029887e-11
6.72,0.08141644409447898,77.50000000023623,0,100,3.0,5,4.677763127342632e-12
6.725,0.04678490952598309,77.5000000000982,0,100,3.0,5,1.944495169941502e-12
6.73,0.024064605020532023,77.50000000004019,0,100,3.0,5,7.958078640513122e-13
6.735,0.011080171739334697,77.5000000000162,0,100,3.0,5,3.207994925807977e-13
6.74,0.004571212771509492,77.50000000000644,0,100,3.0,5,1.27475587841317e-13
6.745,0.0017299316936037438,77.50000000000252,0,100,3.0,5,4.9808342269123855e-14
6.75,0.0008899431850697582,77.50000000000097,0,100,3.0,5,1.9135408329380917e-14
6.755,0.002128806368910263,77.50000000000037,0,100,3.0,5,7.316479655351527e-15
6.76,0.009309664818487698,77.50000000000014,0,100,3.0,5,2.8140306366736642e-15
6.765,0.03503263543368747,77.50000000000004,0,100,3.0,5,8.442091910020992e-16
6.77,0.10606267793605692,77.50000000000001,0,100,3.0,5,2.814030636673664e-16
6.775,0.25734927343160535,77.5,0,100,3.0,5,0.0
6.78,0.5003202479539708,77.5,0,100,3.0,5,0.0
6.785,0.7793067891790435,77.5,0,100,3.0,5,0.0
6.79,0.9720477407234077,77.5000029632167,1,100,3.0,5,5.867755844249559e-08
6.795,0.967267334488097,77.50000632443192,0,100,3.0,5,1.252362756864692e-07
6.8,0.7505869905515209,77.50001473324576,0,100,3.0,5,2.917474408505849e-07
6.805,0.4028369574773956,77.50003930345265,0,100,3.0,5,7.782861911378535e-07
6.81,0.04553881263121314,77.50012007178523,0,100,3.0,5,2.37765911352014e-06
6.815,-0.189138810908105,77.50039768906025,0,100,3.0,5,7.875030896043021e-06
6.82,-0.22868072635956738,77.50133813309903,0,100,3.0,5,2.6497685129220596e-05
6.825,-0.14104670682394166,77.50437429970992,0,100,3.0,5,8.661979623609861e-05
6.83,-0.051158381651102834,77.51356283545961,0,100,3.0,5,0.0002685709992001851
6.835,-0.008206426846427752,77.539423280672,0,100,3.0,5,0.0007806590232078606
6.84,0.005350271385530505,77.60683292766095,0,100,3.0,5,0.0021155035180385365
6.845,0.01084668799215426,77.7691843879838,0,100,3.0,5,0.005330383920471266
6.85,0.016256859896386415,78.1298195737859,0,100,3.0,5,0.012471674728433559
6.855,0.02345021205790711,78.8674564682652,0,100,3.0,5,0.027078345906241648
6.86,0.0330621597308209,80.25416185836706,0,100,3.0,5,0.05453785858152585
6.865,0.04559141319943196,82.64472323642266,0,100,3.0,5,0.10187570765193393
6.87,0.06149084917446989,86.41224109374863,0,100,3.0,5,0.17648002165838877
6.875,0.08111733445924295,91.81665598492147,0,100,3.0,5,0.2834981383152766
6.88,0.1046628598272375,98.826395638257,0,100,3.0,5,0.42230486412390095
6.885,0.1320831047748631,106.95895384922622,0,100,3.0,5,0.5833456207767568
6.89,0.16303381314489318,115.23602411394728,0,100,3.0,5,0.7472480022563818
6.895,0.19682662652900276,122.32971667135199,0,100,3.0,5,0.8877171618089502
6.9,0.23241585813229,126.89775582948093,0,100,3.0,5,0.9781733827619986
6.905,0.26842527782774417,128.0,0,100,3.0,5,1.0
6.91,0.30321927900592993,125.42125272540896,0,100,3.0,5,0.9489356975328508
6.915,0.3350163137995362,119.74965133212939,0,100,3.0,5,0.8366267590520671
6.92,0.3620352400956416,112.17257946470455,0,100,3.0,5,0.6865857319743476
6.925,0.3826586036805073,104.08785511981466,0,100,3.0,5,0.5264921805903894
6.93,0.39559233134833227,96.70488803956961,0,100,3.0,5,0.38029481266474474
6.935,0.4,90.78889417401182,0,100,3.0,5,0.2631464192873627
6.94,0.39559233134833227,86.60772759605685,0,100,3.0,5,0.18035104150607617
6.945,0.3826586036805073,84.04089578195409,0,100,3.0,5,0.12952268875156617
6.95,0.3620352400956416,82.75786879881116,0,100,3.0,5,0.10411621383784475
6.955,0.3350163137995362,82.37959366821764,0,100,3.0,5,0.09662561719242846
6.96,0.3032192790059296,82.57856812118584,0,100,3.0,5,0.1005657053700166
6.965,0.26842527782774417,83.11531036543767,0,100,3.0,5,0.11119426466213198
6.97,0.23241585813229,83.83263983129649,0,100,3.0,5,0.12539880854052454
6.975,0.19682662652900276,84.63250912217958,0,100,3.0,5,0.14123780439959574
6.98,0.16303381314489318,85.45226040314074,0,100,3.0,5,0.1574705030324899
6.985,0.13208310477486307,86.2475629773933,0,100,3.0,5,0.1732190688592733
6.99,0.10466285982723562,86.98281595132833,0,100,3.0,5,0.18777853368966999
6.995,0.08111733445917907,87.62707318852279,0,100,3.0,5,0.20053610274302547
7.0,0.06149084917398798,88.15320332098976,0,100,3.0,5,0.21095452120771804
7.005,0.04559141333598128,88.5385782151131,0,100,3.0,5,0.21858570722996248
7.01,0.03306217087257399,88.76624892522591,0,100,3.0,5,0.22309403812328532
7.015,0.02345067901074276,88.82603771663241,0,100,3.0,5,0.22427797458678045
7.02,0.016268788896435526,88.71524935893723,0,100,3.0,5,0.22208414572152926
7.025,0.011039026374860051,88.43886075670979,0,100,3.0,5,0.2166111040932631
7.03,0.007326255555493689,88.00914720955005,0,100,3.0,5,0.20810192494158516
7.035,0.0047556414315231815,87.44477763798974,0,100,3.0,5,0.19692628986118307
7.04,0.0030193390635632803,86.76946988444872,0,100,3.0,5,0.18355385909799454
7.045,0.001874953127946523,86.0103405328122,0,100,3.0,5,0.16852159470915234
7.05,0.0011387927410965778,85.1961087935566,0,100,3.0,5,0.15239819393181395
7.055,0.0006765107634274089,84.35531914558466,0,100,3.0,5,0.13574889397197343
7.06,0.00039307957404427924,83.51473332893123,0,100,3.0,5,0.11910363027586592
7.065,0.00022338910511776318,82.69801221580293,0,100,3.0,5,0.10293093496639472
7.07,0.00012417073320013317,81.92476728085217,0,100,3.0,5,0.08761915407628051
7.075,6.750753468904987e-05,81.2100160794701,0,100,3.0,5,0.07346566494000187
7.08,3.5897234866245036e-05,80.56403251225963,0,100,3.0,5,0.06067391113385405
7.085,1.8670050400879738e-05,79.99254590939884,0,100,3.0,5,0.04935734474057114
7.09,9.497421874143672e-06,79.49721667177356,0,100,3.0,5,0.039548844985615
7.095,4.725434140340885e-06,79.07630197143015,0,100,3.0,5,0.031213900424359505
7.1,2.299606063738814e-06,78.72542256815419,0,100,3.0,5,0.024265793428795777
7.105,1.0945633976635486e-06,78.43834933264405,0,100,3.0,5,0.018581174903842604
7.11,5.095703414287532e-07,78.20774277436361,0,100,3.0,5,0.01401470840323979
7.115,2.3202944964797243e-07,78.02579755035103,0,100,3.0,5,0.010411832680218405
7.12,1.0333746954038608e-07,77.88476352268945,0,100,3.0,5,0.007619079657216909
7.125,4.501406988770349e-08,77.77733293361308,0,100,3.0,5,0.005491741259664978
7.13,0.0,77.69689796089891,0,100,3.0,5,0.0038989695227506687
7.135,0.0,77.63769342762592,0,100,3.0,5,0.0027266025272459243
7.14,0.0,77.59484565128201,0,100,3.0,5,0.0018781317085547404
7.145,0.0,77.56435078582085,0,100,3.0,5,0.0012742729865514734
7.15,0.0,77.54300535190977,0,100,3.0,5,0.0008515911269261333
7.155,0.0,77.52830892491497,0,100,3.0,5,0.0005605727705934027
7.16,0.0,77.5183550878223,0,100,3.0,5,0.0003634670855901034
7.165,0.0,77.51172254143796,0,100,3.0,5,0.0002321295334249863
7.17,0.0,77.50737427460564,0,100,3.0,5,0.00014602523971560832
7.175,0.0,77.50456929349846,0,100,3.0,5,9.04810593755032e-05
7.18,0.0,77.5027887592473,0,100,3.0,5,5.522295539198113e-05
7.185,0.0,77.50167650638357,0,100,3.0,5,3.319814620940318e-05
7.19,0.0,77.50099273108047,0,100,3.0,5,1.9658041197479378e-05
7.195,0.0,77.50057901557518,0,100,3.0,5,1.1465654954136962e-05
7.2,0.0,77.50033264507117,0,100,3.0,5,6.587031112242738e-06
7.205,0.0,77.50018823663869,0,100,3.0,5,3.727458191926218e-06
7.21,0.0,77.50010492028098,0,100,3.0,5,2.0776293262437016e-06
7.215,0.0,77.50005760324511,0,100,3.0,5,1.1406583190242906e-06
7.22,0.0,77.50003115061858,0,100,3.0,5,6.168439323245015e-07
7.225,0.0,77.50001659275955,0,100,3.0,5,3.285694960465149e-07
7.23,0.001684486749771458,77.5000087056817,0,100,3.0,6,1.7238973650999488e-07
7.235,0.00456624331333666,77.50000449903288,0,100,3.0,6,8.908976006201592e-08
7.24,0.011079731271581421,77.50000229017026,0,100,3.0,6,4.5349906096618887e-08
7.245,0.024064571490409,77.5000011482821,0,100,3.0,6,2.2738259310631967e-08
7.25,0.046784906529573234,77.50000056710259,0,100,3.0,6,1.1229754235419834e-08
7.255,0.08141644351188804,77.50000027587154,0,100,3.0,6,5.4628028217596484e-09
7.26,0.12682276464025305,77.50000013218568,0,100,3.0,6,2.617538133437289e-09
7.265,0.1768320708657512,77.500000062387,0,100,3.0,6,1.235386182790787e-09
7.27,0.22070063230473494,77.50000002900254,0,100,3.0,6,5.743076333529454e-10
7.275,0.24656126505113576,77.50000001328037,0,100,3.0,6,2.629776352676183e-10
7.28,0.24656126505724016,77.50000000598986,0,100,3.0,6,1.1861110993273127e-10
7.285,0.220700632329898,77.50000000266107,0,100,3.0,6,5.2694412090096365e-11
7.29,0.17683207093748562,77.50000000116447,0,100,3.0,6,2.3058729843031337e-11
7.295,0.12682276483597799,77.50000000050191,0,100,3.0,6,9.938874805667714e-12
7.3,0.08141644409447898,77.50000000021309,0,100,3.0,6,4.219638939692159e-12
7.305,0.04678490952598309,77.50000000008912,0,100,3.0,6,1.7646786122580548e-12
7.31,0.024064605020532023,77.5000000000367,0,100,3.0,6,7.268641134528074e-13
7.315,0.011080171739334697,77.5000000000149,0,100,3.0,6,2.949104107234e-13
7.32,0.004571212771509492,77.50000000000595,0,100,3.0,6,1.1790788367662653e-13
7.325,0.0017299316936037438,77.50000000000234,0,100,3.0,6,4.6431505505115455e-14
7.33,0.0008899431850697582,77.50000000000091,0,100,3.0,6,1.800979607471145e-14
7.335,0.002128806368910263,77.50000000000034,0,100,3.0,6,6.7536735280167935e-15
7.34,0.009309664818487698,77.50000000000013,0,100,3.0,6,2.5326275730062976e-15
7.345,0.03503263543368747,77.50000000000004,0,100,3.0,6,8.442091910020992e-16
7.35,0.10606267793605692,77.50000000000001,0,100,3.0,6,2.814030636673664e-16
7.355,0.25734927343160535,77.5,0,100,3.0,6,0.0
7.36,0.5003202479539708,77.5,0,100,3.0,6,0.0
7.365,0.7793067891790435,77.5,0,100,3.0,6,0.0
7.37,0.9720477407234077,77.50000296948818,1,100,3.0,6,5.880174611694102e-08
7.375,0.967267334488097,77.50000569775776,0,100,3.0,6,1.1282688628042625e-07
7.38,0.7505869905515209,77.50001160514543,0,100,3.0,6,2.298048600258169e-07
7.385,0.4028369574773956,77.50002597622895,0,100,3.0,6,5.143807713763392e-07
7.39,0.04553881263121314,77.50006479633647,0,100,3.0,6,1.2830957717655434e-06
7.395,-0.189138810908105,77.50017625577325,0,100,3.0,6,3.4902133317772686e-06
7.4,-0.22868072635956738,77.50050086841989,0,100,3.0,6,9.918186532500516e-06
7.405,-0.14104670682394166,77.50142865589663,0,100,3.0,6,2.829021577488873e-05
7.41,-0.051158381651102834,77.50398157370557,0,100,3.0,6,7.884304367471847e-05
7.415,-0.008206426846427752,77.51067533757195,0,100,3.0,6,0.00021139282320699983
7.42,0.005350271385530505,77.52730884085351,0,100,3.0,6,0.0005407691258120272
7.425,0.01084668799215426,77.56636304281409,0,100,3.0,6,0.0013141196596849329
7.43,0.016256859896386415,77.65284520055016,0,100,3.0,6,0.0030266376346566454
7.435,0.02345021205790711,77.83322987050369,0,100,3.0,6,0.006598611297102698
7.44,0.0330621597308209,78.1872403295472,0,100,3.0,6,0.01360871939697414
7.445,0.04559141319943196,78.84023424224648,0,100,3.0,6,0.026539291925672896
7.45,0.06149084917446989,79.97095670826675,0,100,3.0,6,0.04892983580726247
7.455,0.08111733445924295,81.80632016868279,0,100,3.0,6,0.08527366670658987
7.46,0.1046628598272375,84.59367894710928,0,100,3.0,6,0.14046889004176796
7.465,0.1320831047748631,88.54439663235735,0,100,3.0,6,0.21870092341301678
7.47,0.16303381314489318,93.75204790615024,0,100,3.0,6,0.3218227308148562
7.475,0.19682662652900276,100.10305003439262,0,100,3.0,6,0.44758514919589354
7.48,0.23241585813229,107.21134158829996,0,100,3.0,6,0.588343397788118
7.485,0.26842527782774417,114.41340788288605,0,100,3.0,6,0.7309585719383376
7.49,0.30321927900592993,120.84835205343285,0,100,3.0,6,0.8583832089788682
7.495,0.3350163137995362,125.61961314314837,0,100,3.0,6,0.9528636265969974
7.5,0.3620352400956416,128.0,0,100,3.0,6,1.0
7.505,0.3826586036805073,127.61649189867344,0,100,3.0,6,0.9924057801717514
7.51,0.39559233134833227,124.55056380219376,0,100,3.0,6,0.9316943327167082
7.515,0.4,119.31727660822673,0,100,3.0,6,0.8280648833312224
7.52,0.39559233134833227,112.73085488286033,0,100,3.0,6,0.6976406907497095
7.525,0.3826586036805073,105.70533944720569,0,100,3.0,6,0.5585215732119938
7.53,0.3620352400956416,99.05756588644317,0,100,3.0,6,0.4268824928008549
7.535,0.3350163137995362,93.36977976270926,0,100,3.0,6,0.3142530646081041
7.54,0.3032192790059296,88.93881976923748,0,100,3.0,6,0.2265112825591581
7.545,0.26842527782774417,85.80451228187178,0,100,3.0,6,0.16444578775983723
7.55,0.23241585813229,83.82672655699294,0,100,3.0,6,0.12528171399986016
7.555,0.19682662652900276,82.7748209960611,0,100,3.0,6,0.1044519009121009
7.56,0.16303381314489318,82.40190901663448,0,100,3.0,6,0.09706750527989062
7.565,0.13208310477486307,82.49126872046433,0,100,3.0,6,0.09883700436563037
7.57,0.10466285982723562,82.87544727441968,0,100,3.0,6,0.10644450048355811
7.575,0.08111733445917907,83.4360460880505,0,100,3.0,6,0.11754546709010898
7.58,0.06149084917398798,84.09372294879006,0,100,3.0,6,0.1305687712631695
7.585,0.04559141333598128,84.79583101125908,0,100,3.0,6,0.14447190121305115
7.59,0.03306217087257399,85.5058631950615,0,100,3.0,6,0.15853194445666324
7.595,0.02345067901074276,86.19614522117905,0,100,3.0,6,0.1722008954688921
7.6,0.016268788896435526,86.8436056995559,0,100,3.0,6,0.1850218950407108
7.605,0.011039026374860051,87.42781600360316,0,100,3.0,6,0.19659041591293377
7.61,0.007326255555493689,87.93044648752333,0,100,3.0,6,0.2065434948024421
7.615,0.0047556414315231815,88.33547851565123,0,100,3.0,6,0.2145639310029947
7.62,0.0030193390635632803,88.62973571355158,0,100,3.0,6,0.22039080620894222
7.625,0.001874953127946523,88.80347070164842,0,100,3.0,6,0.22383110300293904
7.63,0.0011387927410965778,88.85085527781466,0,100,3.0,6,0.22476941144187446
7.635,0.0006765107634274089,88.77028929388132,0,100,3.0,6,0.22317404542339245
7.64,0.00039307957404427924,88.56448531910543,0,100,3.0,6,0.21909871919020651
7.645,0.00022338910511776318,88.24031547557608,0,100,3.0,6,0.21267951436784321
7.65,0.00012417073320013317,87.8084299935687,0,100,3.0,6,0.20412732660532068
7.655,6.750753468904987e-05,87.28267622254438,0,100,3.0,6,0.193716360842463
7.66,3.5897234866245036e-05,86.67936206088412,0,100,3.0,6,0.18176954576008153
7.665,1.8670050400879738e-05,86.016418335048,0,100,3.0,6,0.1686419472286733
7.67,9.497421874143672e-06,85.3125199363333,0,100,3.0,6,0.15470336507590698
7.675,4.725434140340885e-06,84.5862253135029,0,100,3.0,6,0.14032129333669097
7.68,2.299606063738814e-06,83.85518857261796,0,100,3.0,6,0.1258453182696626
7.685,1.0945633976635486e-06,83.13548881550771,0,100,3.0,6,0.1115938379308458
7.69,5.095703414287532e-07,82.44110870951447,0,100,3.0,6,0.09784373682206865
7.695,2.3202944964797243e-07,81.78358009436656,0,100,3.0,6,0.08482336820527833
7.7,1.0333746954038608e-07,81.17180019591906,0,100,3.0,6,0.07270891477067448
7.705,4.501406988770349e-08,80.61200908161038,0,100,3.0,6,0.06162394221010656
7.71,0.0,80.10790842175395,0,100,3.0,6,0.05164175092582074
7.715,0.0,79.6608941015899,0,100,3.0,6,0.04278998220970106
7.72,0.0,79.27037104260374,0,100,3.0,6,0.03505685232878697
7.725,0.0,78.93411763673835,0,100,3.0,6,0.028398369044323756
7.73,0.0,78.64866905740534,0,100,3.0,6,0.022745921928818667
7.735,0.0,78.40969275082458,0,100,3.0,6,0.018013717838110406
7.74,0.0,78.21233488198824,0,100,3.0,6,0.01410564122748992
7.745,0.0,78.05152265334826,0,100,3.0,6,0.010921240660361537
7.75,0.0,77.92221354848724,0,100,3.0,6,0.008360664326479908
7.755,0.0,77.81958813058185,0,100,3.0,6,0.006328477833303938
7.76,0.0,77.739187667373,0,100,3.0,6,0.004736389452930742
7.765,0.0,77.67700135526229,0,100,3.0,6,0.0035049773319265607
7.77,0.0,77.62951022741545,0,100,3.0,6,0.002564558958721814
7.775,0.0,77.59369603358714,0,100,3.0,6,0.001855367001725469
7.78,0.0,77.56702364039619,0,100,3.0,6,0.0013272007999244866
7.785,0.0,77.54740503652089,0,100,3.0,6,0.0009387135944729771
7.79,0.0,77.53315206797399,0,100,3.0,6,0.0006564765935442918
7.795,0.0,77.52292379040485,0,100,3.0,6,0.00045393644366031774
7.8,0.0,77.51567299156609,0,100,3.0,6,0.0003103562686354814
7.805,0.0,77.5105951482266,0,100,3.0,6,0.00020980491537820494
7.81,0.0,77.50708193342838,0,100,3.0,6,0.000140236305512498
7.815,0.0,77.50468043597927,0,100,3.0,6,9.268190057955192e-05
7.82,0.0,77.5030585138007,0,100,3.0,6,6.056462971674357e-05
7.825,0.0,77.5019761697444,0,100,3.0,6,3.913207414644369e-05
7.83,0.0,77.5012624893213,0,100,3.0,6,2.4999788540708772e-05
7.835,0.0,77.5007974819221,0,100,3.0,6,1.579172122982491e-05
7.84,0.0,77.5004980852106,0,100,3.0,6,9.863073477118174e-06
7.845,0.0,77.50030759276243,0,100,3.0,6,6.090945790598054e-06
7.85,0.0,77.5001878184466,0,100,3.0,6,3.7191771604968814e-06
7.855,0.0,77.50011339399136,0,100,3.0,6,2.24542557140183e-06
7.86,0.0,77.50006769108984,0,100,3.0,6,1.3404176205776732e-06
7.865,0.0,77.50003995421815,0,100,3.0,6,7.911726366854613e-07
7.87,0.0,77.50002331757771,0,100,3.0,6,4.6173421215862256e-07
7.875,0.0,77.5000134553158,0,100,3.0,6,2.6644189692843153e-07
7.88,0.0,77.5000076770439,0,100,3.0,6,1.5202067121964941e-07
7.885,0.0,77.50000433095647,0,100,3.0,6,8.576151429062322e-08
7.89,0.0,77.5000024158128,0,100,3.0,6,4.7837877254645684e-08
7.895,0.0,77.5000013323932,0,100,3.0,6,2.6384023696286167e-08
7.9,0.001684486749771458,77.50000072659299,0,100,3.0,6,1.4387979933984537e-08
7.905,0.00456624331333666,77.50000039177765,0,100,3.0,6,7.757973203342321e-09
7.91,0.011079731271581421,77.50000020887083,0,100,3.0,6,4.136056038915551e-09
7.915,0.024064571490409,77.50000011010462,0,100,3.0,6,2.180289550661916e-09
7.92,0.046784906529573234,77.50000005738825,0,100,3.0,6,1.1364009667274087e-09
7.925,0.08141644351188804,77.50000002957536,0,100,3.0,6,5.856507094463133e-10
7.93,0.12682276464025305,77.50000001507047,0,100,3.0,6,2.984251349886054e-10
7.935,0.1768320708657512,77.500000007593,0,100,3.0,6,1.5035647094811054e-10
7.94,0.22070063230473494,77.50000000378259,0,100,3.0,6,7.490274187472492e-11
7.945,0.24656126505113576,77.50000000186319,0,100,3.0,6,3.689475567742841e-11
7.95,0.24656126505724016,77.50000000090742,0,100,3.0,6,1.7968711227416016e-11
7.955,0.220700632329898,77.50000000043697,0,100,3.0,6,8.65286280470785e-12
7.96,0.17683207093748562,77.50000000020806,0,100,3.0,6,4.120022255153911e-12
7.965,0.12682276483597799,77.50000000009796,0,100,3.0,6,1.9397113178591565e-12
7.97,0.08141644409447898,77.50000000004559,0,100,3.0,6,9.027410282449114e-13
7.975,0.04678490952598309,77.50000000002099,0,100,3.0,6,4.156323250367002e-13
7.98,0.024064605020532023,77.50000000000955,0,100,3.0,6,1.8910285878447022e-13
7.985,0.011080171739334697,77.50000000000429,0,100,3.0,6,8.498372522754466e-14
7.99,0.004571212771509492,77.5000000000019,0,100,3.0,6,3.77080105314271e-14
7.995,0.0017299316936037438,77.50000000000084,0,100,3.0,6,1.6602780756374617e-14
8.0,0.0008899431850697582,77.50000000000037,0,100,3.0,6,7.316479655351527e-15
8.005,0.002128806368910263,77.50000000000016,0,100,3.0,6,3.0954337003410305e-15
8.01,0.009309664818487698,77.50000000000007,0,100,3.0,6,1.4070153183368321e-15
8.015,0.03503263543368747,77.50000000000003,0,100,3.0,6,5.628061273347328e-16
8.02,0.10606267793605692,77.50000000000001,0,100,3.0,6,2.814030636673664e-16
8.025,0.25734927343160535,77.5,0,100,3.0,6,0.0
8.03,0.5003202479539708,77.5,0,100,3.0,6,0.0
8.035,0.7793067891790435,77.5,0,100,3.0,6,0.0
8.04,0.9720477407234077,77.50000295860458,1,100,3.0,6,5.8586229359585414e-08
8.045,0.967267334488097,77.50000607194025,0,100,3.0,6,1.2023644056189188e-07
8.05,0.7505869905515209,77.50001345273148,0,100,3.0,6,2.663907223742883e-07
8.055,0.4028369574773956,77.5000335974731,0,100,3.0,6,6.65296497145121e-07
8.06,0.04553881263121314,77.5000952391376,0,100,3.0,6,1.8859235166978084e-06
8.065,-0.189138810908105,77.50029396174413,0,100,3.0,6,5.821024636320949e-06
8.07,-0.22868072635956738,77.50093256649718,0,100,3.0,6,1.8466663310573943e-05
8.075,-0.14104670682394166,77.5029100232732,0,100,3.0,6,5.762422323172278e-05
8.08,-0.051158381651102834,77.50870714352278,0,100,3.0,6,0.00017241868361948757
8.085,-0.008206426846427752,77.5246562773498,0,100,3.0,6,0.00048824311583773423
8.09,0.005350271385530505,77.56565066778992,0,100,3.0,6,0.0013000132235628605
8.095,0.01084668799215426,77.66383990810884,0,100,3.0,6,0.0032443546160166505
8.1,0.016256859896386415,77.88262038992832,0,100,3.0,6,0.007576641384719209
8.105,0.02345021205790711,78.33545183145863,0,100,3.0,6,0.016543600622943112
8.11,0.0330621597308209,79.20484989603223,0,100,3.0,6,0.03375940388182632
8.115,0.04559141319943196,80.75054676642503,0,100,3.0,6,0.06436726270148578
8.12,0.06149084917446989,83.28992906835192,0,100,3.0,6,0.11465206075944404
8.125,0.08111733445924295,87.13394030962314,0,100,3.0,6,0.19077109524006222
8.13,0.1046628598272375,92.47378991953458,0,100,3.0,6,0.2965106914759323
8.135,0.1320831047748631,99.23955414039685,0,100,3.0,6,0.43048622060191777
8.14,0.16303381314489318,106.98246625036123,0,100,3.0,6,0.5838112128784402
8.145,0.19682662652900276,114.8494723141842,0,100,3.0,6,0.7395935111719643
8.15,0.23241585813229,121.70177762100317,0,100,3.0,6,0.8752827251683797
8.155,0.26842527782774417,126.37413972136399,0,100,3.0,6,0.9678047469577027
8.16,0.30321927900592993,128.0,0,100,3.0,6,1.0
8.165,0.3350163137995362,126.27952255457706,0,100,3.0,6,0.9659311396945952
8.17,0.3620352400956416,121.57753056726469,0,100,3.0,6,0.8728223874705879
8.175,0.3826586036805073,114.80819134861454,0,100,3.0,6,0.7387760663091989
8.18,0.39559233134833227,107.1570555269131,0,100,3.0,6,0.5872684262755069
8.185,0.4,99.75682326894582,0,100,3.0,6,0.44072917364249153
8.19,0.39559233134833227,93.437628290086,0,100,3.0,6,0.3155965998036831
8.195,0.3826586036805073,88.6210265304858,0,100,3.0,6,0.2202183471383328
8.2,0.3620352400956416,85.35521064557099,0,100,3.0,6,0.15554872565487113
8.205,0.3350163137995362,83.43676931776182,0,100,3.0,6,0.11755978847053099
8.21,0.3032192790059296,82.55078966163666,0,100,3.0,6,0.1000156368640922
8.215,0.26842527782774417,82.37990978446584,0,100,3.0,6,0.0966318769201156
8.22,0.23241585813229,82.66385053700031,0,100,3.0,6,0.10225446607921415
8.225,0.19682662652900276,83.21572546574443,0,100,3.0,6,0.11318268248998865
8.23,0.16303381314489318,83.91239791841033,0,100,3.0,6,0.12697817660218486
8.235,0.13208310477486307,84.67546318988141,0,100,3.0,6,0.14208837999765173
8.24,0.10466285982723562,85.45331282711224,0,100,3.0,6,0.1574913431111335
8.245,0.08111733445917907,86.20847512306442,0,100,3.0,6,0.17244505194186965
8.25,0.06149084917398798,86.91043201717129,0,100,3.0,6,0.1863451884588374
8.255,0.04559141333598128,87.53247338289246,0,100,3.0,6,0.19866283926519726
8.26,0.03306217087257399,88.0509704560115,0,100,3.0,6,0.20893010803983164
8.265,0.02345067901074276,88.44584531855038,0,100,3.0,6,0.21674941224852243
8.27,0.016268788896435526,88.70146811501344,0,100,3.0,6,0.22181124980224634
8.275,0.011039026374860051,88.80754517288817,0,100,3.0,6,0.2239117856017459
8.28,0.007326255555493689,88.75976200907462,0,100,3.0,6,0.22296558433811128
8.285,0.0047556414315231815,88.56006114259078,0,100,3.0,6,0.21901111173447094
8.29,0.0030193390635632803,88.21650740561338,0,100,3.0,6,0.2122080674378888
8.295,0.001874953127946523,87.74274663539316,0,100,3.0,6,0.20282666604738933
8.3,0.0011387927410965778,87.15710631316468,0,100,3.0,6,0.19122982798345892
8.305,0.0006765107634274089,86.48142019658886,0,100,3.0,6,0.17784990488294766
8.31,0.00039307957404427924,85.73968176817759,0,100,3.0,6,0.16316201521143742
8.315,0.00022338910511776318,84.95664182706211,0,100,3.0,6,0.14765627380321017
8.32,0.00012417073320013317,84.15646337911748,0,100,3.0,6,0.13181115602212837
8.325,6.750753468904987e-05,83.36153323734182,0,100,3.0,6,0.11606996509587757
8.33,3.5897234866245036e-05,82.59150690834363,0,100,3.0,6,0.10082191897710163
8.335,1.8670050400879738e-05,81.86263483969579,0,100,3.0,6,0.08638880870684726
8.34,9.497421874143672e-06,81.18738775969096,0,100,3.0,6,0.07301757939982106
8.345,4.725434140340885e-06,80.57437030471705,0,100,3.0,6,0.06087861989538713
8.35,2.299606063738814e-06,80.02848839135753,0,100,3.0,6,0.0500690770565847
8.355,1.0945633976635486e-06,79.55131885537037,0,100,3.0,6,0.040620175353868686
8.36,5.095703414287532e-07,79.14162062723075,0,100,3.0,6,0.03250733915308417
8.365,2.3202944964797243e-07,78.79592494440962,0,100,3.0,6,0.025661880087319212
8.37,1.0333746954038608e-07,78.50914673365939,0,100,3.0,6,0.019983103636819648
8.375,4.501406988770349e-08,78.2751686651716,0,100,3.0,6,0.015349874557853577
8.38,0.0,78.08736155817212,0,100,3.0,6,0.01163092194400237
8.385,0.0,77.93901792246764,0,100,3.0,6,0.008693424207280032
8.39,0.0,77.82368785280029,0,100,3.0,6,0.0064096604514908995
8.395,0.0,77.73541708275205,0,100,3.0,6,0.004661724410931694
8.4,0.0,77.66889506741865,0,100,3.0,6,0.0033444567805672436
8.405,0.0,77.61952627338034,0,100,3.0,6,0.0023668568986206853
8.41,0.0,77.583440560487,0,100,3.0,6,0.0016522883264753596
8.415,0.0,77.55745905335685,0,100,3.0,6,0.0011378030367693284
8.42,0.0,77.53903077198105,0,100,3.0,6,0.0007728865738821098
8.425,0.0,77.52615310372167,0,100,3.0,6,0.0005178832420132368
8.43,0.0,77.51728648731061,0,100,3.0,6,0.00034230667941809016
8.435,0.0,77.51127087641395,0,100,3.0,7,0.00022318567156327782
8.44,0.0,77.50724896569103,0,100,3.0,7,0.0001435438750699704
8.445,0.0,77.50459898318086,0,100,3.0,7,9.10689738783267e-05
8.45,0.0,77.50287816056776,0,100,3.0,7,5.699327856952082e-05
8.455,0.0,77.50177678810005,0,100,3.0,7,3.518392277317274e-05
8.46,0.0,77.50108199106754,0,100,3.0,7,2.1425565693793897e-05
8.465,0.0,77.5006499487824,0,100,3.0,7,1.2870272918730328e-05
8.47,0.0,77.50038512526845,0,100,3.0,7,7.626242939628661e-06
8.475,0.0,77.50022510871771,0,100,3.0,7,4.457598370580323e-06
8.48,0.0,77.5001297926306,0,100,3.0,7,2.5701511010358426e-06
8.485,0.0,77.50007382019291,0,100,3.0,7,1.4617859982094934e-06
8.49,0.0,77.50004141596045,0,100,3.0,7,8.201180287752583e-07
8.495,0.0,77.50002292069169,0,100,3.0,7,4.5387508299598373e-07
8.5,0.0,77.50001251281783,0,100,3.0,7,2.477785709414651e-07
8.505,0.0,77.50000673829383,0,100,3.0,7,1.334315610696793e-07
8.51,0.001684486749771458,77.50000357941612,0,100,3.0,7,7.087952705732466e-08
8.515,0.00456624331333666,77.50000187560704,0,100,3.0,7,3.714073347221682e-08
8.52,0.011079731271581421,77.50000096948018,0,100,3.0,7,1.919762739096696e-08
8.525,0.024064571490409,77.5000004943146,0,100,3.0,7,9.788408024718646e-09
8.53,0.046784906529573234,77.5000002486196,0,100,3.0,7,4.923160387610695e-09
8.535,0.08141644351188804,77.50000012334874,0,100,3.0,7,2.442549326714119e-09
8.54,0.12682276464025305,77.50000006036726,0,100,3.0,7,1.1953912095609352e-09
8.545,0.1768320708657512,77.5000000291431,0,100,3.0,7,5.770909910556793e-10
8.55,0.22070063230473494,77.50000001387833,0,100,3.0,7,2.748185133806137e-10
8.555,0.24656126505113576,77.50000000651939,0,100,3.0,7,1.290967508911047e-10
8.56,0.24656126505724016,77.50000000302094,0,100,3.0,7,5.982066327440875e-11
8.565,0.220700632329898,77.50000000138085,0,100,3.0,7,2.7343654293494327e-11
8.57,0.17683207093748562,77.5000000006226,0,100,3.0,7,1.2328831025394658e-11
8.575,0.12682276483597799,77.50000000027693,0,100,3.0,7,5.4837015016859696e-12
8.58,0.08141644409447898,77.50000000012149,0,100,3.0,7,2.4057147912923155e-12
8.585,0.04678490952598309,77.50000000005258,0,100,3.0,7,1.0411913355692557e-12
8.59,0.024064605020532023,77.50000000002245,0,100,3.0,7,4.446168405944389e-13
8.595,0.011080171739334697,77.50000000000945,0,100,3.0,7,1.8713303733879865e-13
8.6,0.004571212771509492,77.50000000000392,0,100,3.0,7,7.766724557219314e-14
8.605,0.0017299316936037438,77.5000000000016,0,100,3.0,7,3.179854619441241e-14
8.61,0.0008899431850697582,77.50000000000065,0,100,3.0,7,1.2944540928698855e-14
8.615,0.002128806368910263,77.50000000000026,0,100,3.0,7,5.065255146012595e-15
8.62,0.009309664818487698,77.5000000000001,0,100,3.0,7,1.969821445671565e-15
8.625,0.03503263543368747,77.50000000000004,0,100,3.0,7,8.442091910020992e-16
8.63,0.10606267793605692,77.50000000000001,0,100,3.0,7,2.814030636673664e-16
8.635,0.25734927343160535,77.5,0,100,3.0,7,0.0
8.64,0.5003202479539708,77.5,0,100,3.0,7,0.0
8.645,0.7793067891790435,77.5,0,100,3.0,7,0.0
8.65,0.9720477407234077,77.50000296948818,1,100,3.0,7,5.880174611694102e-08
8.655,0.967267334488097,77.50000569775776,0,100,3.0,7,1.1282688628042625e-07
8.66,0.7505869905515209,77.50001160514543,0,100,3.0,7,2.298048600258169e-07
8.665,0.4028369574773956,77.50002597622895,0,100,3.0,7,5.143807713763392e-07
8.67,0.04553881263121314,77.50006479633647,0,100,3.0,7,1.2830957717655434e-06
8.675,-0.189138810908105,77.50017625577325,0,100,3.0,7,3.4902133317772686e-06
8.68,-0.22868072635956738,77.50050086841989,0,100,3.0,7,9.918186532500516e-06
8.685,-0.14104670682394166,77.50142865589663,0,100,3.0,7,2.829021577488873e-05
8.69,-0.051158381651102834,77.50398157370557,0,100,3.0,7,7.884304367471847e-05
8.695,-0.008206426846427752,77.51067533757195,0,100,3.0,7,0.00021139282320699983
8.7,0.005350271385530505,77.52730884085351,0,100,3.0,7,0.0005407691258120272
8.705,0.01084668799215426,77.56636304281409,0,100,3.0,7,0.0013141196596849329
8.71,0.016256859896386415,77.65284520055016,0,100,3.0,7,0.0030266376346566454
8.715,0.02345021205790711,77.83322987050369,0,100,3.0,7,0.006598611297102698
8.72,0.0330621597308209,78.1872403295472,0,100,3.0,7,0.01360871939697414
8.725,0.04559141319943196,78.84023424224648,0,100,3.0,7,0.026539291925672896
8.73,0.06149084917446989,79.97095670826675,0,100,3.0,7,0.04892983580726247
8.735,0.08111733445924295,81.80632016868279,0,100,3.0,7,0.08527366670658987
8.74,0.1046628598272375,84.59367894710928,0,100,3.0,7,0.14046889004176796
8.745,0.1320831047748631,88.54439663235735,0,100,3.0,7,0.21870092341301678
8.75,0.16303381314489318,93.75204790615024,0,100,3.0,7,0.3218227308148562
8.755,0.19682662652900276,100.10305003439262,0,100,3.0,7,0.44758514919589354
8.76,0.23241585813229,107.21134158829996,0,100,3.0,7,0.588343397788118
8.765,0.26842527782774417,114.41340788288605,0,100,3.0,7,0.7309585719383376
8.77,0.30321927900592993,120.84835205343285,0,100,3.0,7,0.8583832089788682
8.775,0.3350163137995362,125.61961314314837,0,100,3.0,7,0.9528636265969974
8.78,0.3620352400956416,128.0,0,100,3.0,7,1.0
8.785,0.3826586036805073,127.61649189867344,0,100,3.0,7,0.9924057801717514
8.79,0.39559233134833227,124.55056380219376,0,100,3.0,7,0.9316943327167082
8.795,0.4,119.31727660822673,0,100,3.0,7,0.8280648833312224
8.8,0.39559233134833227,112.73085488286033,0,100,3.0,7,0.6976406907497095
8.805,0.3826586036805073,105.70533944720569,0,100,3.0,7,0.5585215732119938
8.81,0.3620352400956416,99.05756588644317,0,100,3.0,7,0.4268824928008549
8.815,0.3350163137995362,93.36977976270926,0,100,3.0,7,0.3142530646081041
8.82,0.3032192790059296,88.93881976923748,0,100,3.0,7,0.2265112825591581
8.825,0.26842527782774417,85.80451228187178,0,100,3.0,7,0.16444578775983723
8.83,0.23241585813229,83.82672655699294,0,100,3.0,7,0.12528171399986016
8.835,0.19682662652900276,82.7748209960611,0,100,3.0,7,0.1044519009121009
8.84,0.16303381314489318,82.40190901663448,0,100,3.0,7,0.09706750527989062
8.845,0.13208310477486307,82.49126872046433,0,100,3.0,7,0.09883700436563037
8.85,0.10466285982723562,82.87544727441968,0,100,3.0,7,0.10644450048355811
8.855,0.08111733445917907,83.4360460880505,0,100,3.0,7,0.11754546709010898
8.86,0.06149084917398798,84.09372294879006,0,100,3.0,7,0.1305687712631695
8.865,0.04559141333598128,84.79583101125908,0,100,3.0,7,0.14447190121305115
8.87,0.03306217087257399,85.5058631950615,0,100,3.0,7,0.15853194445666324
8.875,0.02345067901074276,86.19614522117905,0,100,3.0,7,0.1722008954688921
8.88,0.016268788896435526,86.8436056995559,0,100,3.0,7,0.1850218950407108
8.885,0.011039026374860051,87.42781600360316,0,100,3.0,7,0.19659041591293377
8.89,0.007326255555493689,87.93044648752333,0,100,3.0,7,0.2065434948024421
8.895,0.0047556414315231815,88.33547851565123,0,100,3.0,7,0.2145639310029947
8.9,0.0030193390635632803,88.62973571355158,0,100,3.0,7,0.22039080620894222
8.905,0.001874953127946523,88.80347070164842,0,100,3.0,7,0.22383110300293904
8.91,0.0011387927410965778,88.85085527781466,0,100,3.0,7,0.22476941144187446
8.915,0.0006765107634274089,88.77028929388132,0,100,3.0,7,0.22317404542339245
8.92,0.00039307957404427924,88.56448531910543,0,100,3.0,7,0.21909871919020651
8.925,0.00022338910511776318,88.24031547557608,0,100,3.0,7,0.21267951436784321
8.93,0.00012417073320013317,87.8084299935687,0,100,3.0,7,0.20412732660532068
8.935,6.750753468904987e-05,87.28267622254438,0,100,3.0,7,0.193716360842463
8.94,3.5897234866245036e-05,86.67936206088412,0,100,3.0,7,0.18176954576008153
8.945,1.8670050400879738e-05,86.016418335048,0,100,3.0,7,0.1686419472286733
8.95,9.497421874143672e-06,85.3125199363333,0,100,3.0,7,0.15470336507590698
8.955,4.725434140340885e-06,84.5862253135029,0,100,3.0,7,0.14032129333669097
8.96,2.299606063738814e-06,83.85518857261796,0,100,3.0,7,0.1258453182696626
8.965,1.0945633976635486e-06,83.13548881550771,0,100,3.0,7,0.1115938379308458
8.97,5.095703414287532e-07,82.44110870951447,0,100,3.0,7,0.09784373682206865
8.975,2.3202944964797243e-07,81.78358009436656,0,100,3.0,7,0.08482336820527833
8.98,1.0333746954038608e-07,81.17180019591906,0,100,3.0,7,0.07270891477067448
8.985,4.501406988770349e-08,80.61200908161038,0,100,3.0,7,0.06162394221010656
8.99,0.0,80.10790842175395,0,100,3.0,7,0.05164175092582074
8.995,0.0,79.6608941015899,0,100,3.0,7,0.04278998220970106
9.0,0.0,79.27037104260374,0,100,3.0,7,0.03505685232878697
9.005,0.0,78.93411763673835,0,100,3.0,7,0.028398369044323756
9.01,0.0,78.64866905740534,0,100,3.0,7,0.022745921928818667
9.015,0.0,78.40969275082458,0,100,3.0,7,0.018013717838110406
9.02,0.0,78.21233488198824,0,100,3.0,7,0.01410564122748992
9.025,0.0,78.05152265334826,0,100,3.0,7,0.010921240660361537
9.03,0.0,77.92221354848724,0,100,3.0,7,0.008360664326479908
9.035,0.0,77.81958813058185,0,100,3.0,7,0.006328477833303938
9.04,0.0,77.739187667373,0,100,3.0,7,0.004736389452930742
9.045,0.0,77.67700135526229,0,100,3.0,7,0.0035049773319265607
9.05,0.0,77.62951022741545,0,100,3.0,7,0.002564558958721814
9.055,0.0,77.59369603358714,0,100,3.0,7,0.001855367001725469
9.06,0.0,77.56702364039619,0,100,3.0,7,0.0013272007999244866
9.065,0.0,77.54740503652089,0,100,3.0,7,0.0009387135944729771
9.07,0.0,77.53315206797399,0,100,3.0,7,0.0006564765935442918
9.075,0.0,77.52292379040485,0,100,3.0,7,0.00045393644366031774
9.08,0.0,77.51567299156609,0,100,3.0,7,0.0003103562686354814
9.085,0.0,77.5105951482266,0,100,3.0,7,0.00020980491537820494
9.09,0.0,77.50708193342838,0,100,3.0,7,0.000140236305512498
9.095,0.0,77.50468043597927,0,100,3.0,7,9.268190057955192e-05
9.1,0.0,77.5030585138007,0,100,3.0,7,6.056462971674357e-05
9.105,0.0,77.5019761697444,0,100,3.0,7,3.913207414644369e-05
9.11,0.0,77.5012624893213,0,100,3.0,7,2.4999788540708772e-05
9.115,0.0,77.5007974819221,0,100,3.0,7,1.579172122982491e-05
9.12,0.0,77.5004980852106,0,100,3.0,7,9.863073477118174e-06
9.125,0.0,77.50030759276243,0,100,3.0,7,6.090945790598054e-06
9.13,0.0,77.5001878184466,0,100,3.0,7,3.7191771604968814e-06
9.135,0.0,77.50011339399136,0,100,3.0,7,2.24542557140183e-06
9.14,0.0,77.50006769108984,0,100,3.0,7,1.3404176205776732e-06
9.145,0.0,77.50003995421815,0,100,3.0,7,7.911726366854613e-07
9.15,0.0,77.50002331757771,0,100,3.0,7,4.6173421215862256e-07
9.155,0.0,77.5000134553158,0,100,3.0,7,2.6644189692843153e-07
9.16,0.0,77.5000076770439,0,100,3.0,7,1.5202067121964941e-07
9.165,0.0,77.50000433095647,0,100,3.0,7,8.576151429062322e-08
9.17,0.0,77.5000024158128,0,100,3.0,7,4.7837877254645684e-08
9.175,0.0,77.5000013323932,0,100,3.0,7,2.6384023696286167e-08
9.18,0.001684486749771458,77.50000072659299,0,100,3.0,7,1.4387979933984537e-08
9.185,0.00456624331333666,77.50000039177765,0,100,3.0,7,7.757973203342321e-09
9.19,0.011079731271581421,77.50000020887083,0,100,3.0,7,4.136056038915551e-09
9.195,0.024064571490409,77.50000011010462,0,100,3.0,7,2.180289550661916e-09
9.2,0.046784906529573234,77.50000005738825,0,100,3.0,7,1.1364009667274087e-09
9.205,0.08141644351188804,77.50000002957536,0,100,3.0,7,5.856507094463133e-10
9.21,0.12682276464025305,77.50000001507047,0,100,3.0,7,2.984251349886054e-10
9.215,0.1768320708657512,77.500000007593,0,100,3.0,7,1.5035647094811054e-10
9.22,0.22070063230473494,77.50000000378259,0,100,3.0,7,7.490274187472492e-11
9.225,0.24656126505113576,77.50000000186319,0,100,3.0,7,3.689475567742841e-11
9.23,0.24656126505724016,77.50000000090742,0,100,3.0,7,1.7968711227416016e-11
9.235,0.220700632329898,77.50000000043697,0,100,3.0,7,8.65286280470785e-12
9.24,0.17683207093748562,77.50000000020806,0,100,3.0,7,4.120022255153911e-12
9.245,0.12682276483597799,77.50000000009796,0,100,3.0,7,1.9397113178591565e-12
9.25,0.08141644409447898,77.50000000004559,0,100,3.0,7,9.027410282449114e-13
9.255,0.04678490952598309,77.50000000002099,0,100,3.0,7,4.156323250367002e-13
9.26,0.024064605020532023,77.50000000000955,0,100,3.0,7,1.8910285878447022e-13
9.265,0.011080171739334697,77.50000000000429,0,100,3.0,7,8.498372522754466e-14
9.27,0.004571212771509492,77.5000000000019,0,100,3.0,7,3.77080105314271e-14
9.275,0.0017299316936037438,77.50000000000084,0,100,3.0,7,1.6602780756374617e-14
9.28,0.0008899431850697582,77.50000000000037,0,100,3.0,7,7.316479655351527e-15
9.285,0.002128806368910263,77.50000000000016,0,100,3.0,7,3.0954337003410305e-15
9.29,0.009309664818487698,77.50000000000007,0,100,3.0,7,1.4070153183368321e-15
9.295,0.03503263543368747,77.50000000000003,0,100,3.0,7,5.628061273347328e-16
9.3,0.10606267793605692,77.50000000000001,0,100,3.0,7,2.814030636673664e-16
9.305,0.25734927343160535,77.5,0,100,3.0,7,0.0
9.31,0.5003202479539708,77.5,0,100,3.0,7,0.0
9.315,0.7793067891790435,77.5,0,100,3.0,7,0.0
9.32,0.9720477407234077,77.5000029761183,1,100,3.0,7,5.8933035560504224e-08
9.325,0.967267334488097,77.50000618532628,0,100,3.0,7,1.2248170861258217e-07
9.33,0.7505869905515209,77.50001392552794,0,100,3.0,7,2.7575302847298647e-07
9.335,0.4028369574773956,77.50003551779191,0,100,3.0,7,7.033226121719882e-07
9.34,0.04553881263121314,77.50010313559092,0,100,3.0,7,2.0422889290915523e-06
9.345,-0.189138810908105,77.50032572609189,0,100,3.0,7,6.450021621528529e-06
9.35,-0.22868072635956738,77.50105352781613,0,100,3.0,7,2.0861936952983477e-05
9.355,-0.14104670682394166,77.50333849843346,0,100,3.0,7,6.610887987058545e-05
9.36,-0.051158381651102834,77.51010867794061,0,100,3.0,7,0.00020017184040806803
9.365,-0.008206426846427752,77.52887923627338,0,100,3.0,7,0.0005718660648194646
9.37,0.005350271385530505,77.57736547743413,0,100,3.0,7,0.0015319896521609532
9.375,0.01084668799215426,77.6937614840257,0,100,3.0,7,0.003836861069815838
9.38,0.016256859896386415,77.95299178483792,0,100,3.0,7,0.008970134353226137
9.385,0.02345021205790711,78.48782060961162,0,100,3.0,7,0.019560804150725097
9.39,0.0330621597308209,79.50840637712494,0,100,3.0,7,0.03977042330940479
9.395,0.04559141319943196,81.30639038119868,0,100,3.0,7,0.07537406695442934
9.4,0.06149084917446989,84.22371682098306,0,100,3.0,7,0.13314290734619916
9.405,0.08111733445924295,88.56905596488694,0,100,3.0,7,0.2191892270274642
9.41,0.1046628598272375,94.48254071967199,0,100,3.0,7,0.3362879350430097
9.415,0.1320831047748631,101.78187771882364,0,100,3.0,7,0.4808292617588839
9.42,0.16303381314489318,109.85607098931862,0,100,3.0,7,0.6407142770162104
9.425,0.19682662652900276,117.68289868067583,0,100,3.0,7,0.7957009639737789
9.43,0.23241585813229,124.01296766753546,0,100,3.0,7,0.9210488647036725
9.435,0.26842527782774417,127.69015041412591,0,100,3.0,7,0.9938643646361566
9.44,0.30321927900592993,128.0,0,100,3.0,7,1.0
9.445,0.3350163137995362,124.90331438199323,0,100,3.0,7,0.9386794927127372
9.45,0.3620352400956416,119.0509908262225,0,100,3.0,7,0.8227918975489604
9.455,0.3826586036805073,111.57334395352093,0,100,3.0,7,0.6747196822479392
9.46,0.39559233134833227,103.73799888891169,0,100,3.0,7,0.5195643344338948
9.465,0.4,96.61848240541384,0,100,3.0,7,0.3785838100081949
9.47,0.39559233134833227,90.88948241854119,0,100,3.0,7,0.265138265713687
9.475,0.3826586036805073,86.7893676493135,0,100,3.0,7,0.18394787424383177
9.48,0.3620352400956416,84.21448228450262,0,100,3.0,7,0.13296004523767568
9.485,0.3350163137995362,82.8706742557033,0,100,3.0,7,0.10634998526145162
9.49,0.3032192790059296,82.41285373443978,0,100,3.0,7,0.09728423236514412
9.495,0.26842527782774417,82.53508919471457,0,100,3.0,7,0.09970473652900144
9.5,0.23241585813229,83.00723630449004,0,100,3.0,7,0.10905418424732743
9.505,0.19682662652900276,83.67399525905368,0,100,3.0,7,0.12225733186244916
9.51,0.16303381314489318,84.43655035035052,0,100,3.0,7,0.13735743268020822
9.515,0.13208310477486307,85.23167363197578,0,100,3.0,7,0.15310244815793625
9.52,0.10466285982723562,86.01556443973125,0,100,3.0,7,0.1686250384105198
9.525,0.08111733445917907,86.75400535564901,0,100,3.0,7,0.18324763080493095
9.53,0.06149084917398798,87.41763420030695,0,100,3.0,7,0.19638879604568216
9.535,0.04559141333598128,87.98046505761806,0,100,3.0,7,0.20753396153699133
9.54,0.03306217087257399,88.42010861624007,0,100,3.0,7,0.2162397745790113
9.545,0.02345067901074276,88.71867720825321,0,100,3.0,7,0.22215202392580616
9.55,0.016268788896435526,88.86378878992376,0,100,3.0,7,0.2250255205925497
9.555,0.011039026374860051,88.84935272165478,0,100,3.0,7,0.22473965785455013
9.56,0.007326255555493689,88.67597412457343,0,100,3.0,7,0.22130641830838474
9.565,0.0047556414315231815,88.3509063891692,0,100,3.0,7,0.21486943344889498
9.57,0.0030193390635632803,87.88754641372572,0,100,3.0,7,0.20569398839060823
9.575,0.001874953127946523,87.30451845386142,0,100,3.0,7,0.19414888027448354
9.58,0.0011387927410965778,86.62443306399382,0,100,3.0,7,0.18068184285136277
9.585,0.0006765107634274089,85.87243609243906,0,100,3.0,7,0.16579081371166454
9.59,0.00039307957404427924,85.07467708397961,0,100,3.0,7,0.1499936056233586
9.595,0.00022338910511776318,84.25682600304509,0,100,3.0,7,0.13379853471376418
9.6,0.00012417073320013317,83.4427529734118,0,100,3.0,7,0.11767827670122376
9.605,6.750753468904987e-05,82.65346049137668,0,100,3.0,7,0.10204872260151836
9.61,3.5897234866245036e-05,81.90632528007868,0,100,3.0,7,0.087253965942152
9.615,1.8670050400879738e-05,81.21467213191562,0,100,3.0,7,0.07355786399832911
9.62,9.497421874143672e-06,80.58766909939999,0,100,3.0,7,0.06114196236435621
9.625,4.725434140340885e-06,80.03050585017243,0,100,3.0,7,0.05010902673608776
9.63,2.299606063738814e-06,79.54479733357823,0,100,3.0,7,0.04049103630847982
9.635,1.0945633976635486e-06,79.12914419384192,0,100,3.0,7,0.03226028106617671
9.64,5.095703414287532e-07,78.77977938473101,0,100,3.0,8,0.025342166034277518
9.645,2.3202944964797243e-07,78.49123590647207,0,100,3.0,8,0.019628433791526147
9.65,1.0333746954038608e-07,78.25698150946495,0,100,3.0,8,0.014989732860692077
9.655,4.501406988770349e-08,78.06998030229119,0,100,3.0,8,0.01128673865923139
9.66,0.0,77.9231562441036,0,100,3.0,8,0.008379331566407817
9.665,0.0,77.80974762879951,0,100,3.0,8,0.006133616411871556
9.67,0.0,77.72355354312545,0,100,3.0,8,0.004426802834167279
9.675,0.0,77.65908215107021,0,100,3.0,8,0.0031501416053506637
9.68,0.0,77.61161631556492,0,100,3.0,8,0.002210224070592399
9.685,0.0,77.5772147447986,0,100,3.0,8,0.0015290048474969466
9.69,0.0,77.55266706642777,0,100,3.0,8,0.001042912206490556
9.695,0.0,77.53541965668042,0,100,3.0,8,0.0007013793402062909
9.7,0.0,77.52348636988228,0,100,3.0,8,0.0004650766313322339
9.705,0.0,77.51535513982303,0,100,3.0,8,0.00030406217471344875
9.71,0.0,77.50989824011825,0,100,3.0,8,0.0001960047548167684
9.715,0.0,77.50629112804937,0,100,3.0,8,0.00012457679305681935
9.72,0.0,77.50394244274653,0,100,3.0,8,7.80681731987105e-05
9.725,0.0,77.50243595126653,0,100,3.0,8,4.8236658743251e-05
9.73,0.0,77.50148401443865,0,100,3.0,8,2.9386424527632303e-05
9.735,0.0,77.50089140278692,0,100,3.0,8,1.7651540335041004e-05
9.74,0.0,77.50052792980212,0,100,3.0,8,1.045405548748337e-05
9.745,0.0,77.50030827953894,0,100,3.0,8,6.104545325579148e-06
9.75,0.0,77.50017749231459,0,100,3.0,8,3.5146992988441947e-06
9.755,0.0,77.5001007582777,0,100,3.0,8,1.995213419730693e-06
9.76,0.0,77.50005639599301,0,100,3.0,8,1.1167523368975266e-06
9.765,0.0,77.50003112304574,0,100,3.0,8,6.162979355277718e-07
9.77,0.0,77.5000169348855,0,100,3.0,8,3.35344267206424e-07
9.775,0.0,77.50000908549865,0,100,3.0,8,1.7991086429217397e-07
9.78,0.001684486749771458,77.50000480597605,0,100,3.0,8,9.516784252179542e-08
9.785,0.00456624331333666,77.50000250657536,0,100,3.0,8,4.963515556762041e-08
9.79,0.011079731271581421,77.50000128898024,0,100,3.0,8,2.5524361256042774e-08
9.795,0.024064571490409,77.5000006535489,0,100,3.0,8,1.2941562277269936e-08
9.8,0.046784906529573234,77.5000003267204,0,100,3.0,8,6.469710822082309e-09
9.805,0.08141644351188804,77.50000016104258,0,100,3.0,8,3.1889619481937712e-09
9.81,0.12682276464025305,77.50000007826571,0,100,3.0,8,1.5498161170254738e-09
9.815,0.1768320708657512,77.50000003750323,0,100,3.0,8,7.426381621866816e-10
9.82,0.22070063230473494,77.50000001771872,0,100,3.0,8,3.508657215152738e-10
9.825,0.24656126505113576,77.50000000825395,0,100,3.0,8,1.6344452743927976e-10
9.83,0.24656126505724016,77.50000000379104,0,100,3.0,8,7.5070176697607e-11
9.835,0.220700632329898,77.5000000017168,0,100,3.0,8,3.399602271859087e-11
9.84,0.17683207093748562,77.50000000076656,0,100,3.0,8,1.517944406034508e-11
9.845,0.12682276483597799,77.50000000033748,0,100,3.0,8,6.682759955972617e-12
9.85,0.08141644409447898,77.50000000014649,0,100,3.0,8,2.900702780283213e-12
9.855,0.04678490952598309,77.5000000000627,0,100,3.0,8,1.2415503169004206e-12
9.86,0.024064605020532023,77.50000000002646,0,100,3.0,8,5.239725045486363e-13
9.865,0.011080171739334697,77.50000000001101,0,100,3.0,8,2.1808737434220896e-13
9.87,0.004571212771509492,77.50000000000452,0,100,3.0,8,8.948617424622252e-14
9.875,0.0017299316936037438,77.50000000000182,0,100,3.0,8,3.60195921494229e-14
9.88,0.0008899431850697582,77.50000000000072,0,100,3.0,8,1.4351556247035687e-14
9.885,0.002128806368910263,77.50000000000028,0,100,3.0,8,5.6280612733473285e-15
9.89,0.009309664818487698,77.50000000000011,0,100,3.0,8,2.2512245093389313e-15
9.895,0.03503263543368747,77.50000000000004,0,100,3.0,8,8.442091910020992e-16
9.9,0.10606267793605692,77.50000000000001,0,100,3.0,8,2.814030636673664e-16
9.905,0.25734927343160535,77.5,0,100,3.0,8,0.0
9.91,0.5003202479539708,77.5,0,100,3.0,8,0.0
9.915,0.7793067891790435,77.5,0,100,3.0,8,0.0
9.92,0.9720477407234077,77.5000029632167,1,100,3.0,8,5.867755844249559e-08
9.925,0.967267334488097,77.50000611949993,0,100,3.0,8,1.2117821641611342e-07
9.93,0.7505869905515209,77.5000136661605,0,100,3.0,8,2.706170395714874e-07
9.935,0.4028369574773956,77.50003448761683,0,100,3.0,8,6.829231055424244e-07
9.94,0.04553881263121314,77.50009893563154,0,100,3.0,8,1.9591214166635243e-06
9.945,-0.189138810908105,77.50030887479707,0,100,3.0,8,6.1163326152625205e-06
9.95,-0.22868072635956738,77.50098936987865,0,100,3.0,8,1.9591482745598493e-05
9.955,-0.14104670682394166,77.50311109919818,0,100,3.0,8,6.160592471641763e-05
9.96,-0.051158381651102834,77.50936430658398,0,100,3.0,8,0.00018543181354407307
9.965,-0.008206426846427752,77.52663503308537,0,100,3.0,8,0.0005274263977300939
9.97,0.005350271385530505,77.57113795423459,0,100,3.0,8,0.0014086723610809244
9.975,0.01084668799215426,77.67785621339104,0,100,3.0,8,0.003521905215664127
9.98,0.016256859896386415,77.9156022259755,0,100,3.0,8,0.008229747049019897
9.985,0.02345021205790711,78.4069380257099,0,100,3.0,8,0.017959168825938725
9.99,0.0330621597308209,79.34748987799968,0,100,3.0,8,0.036583957980191636
9.995,0.04559141319943196,81.01228362930992,0,100,3.0,8,0.06955017087742416
10.0,0.06149084917446989,83.73079902637203,0,100,3.0,8,0.12338215893805991
10.005,0.08111733445924295,87.81367872264438,0,100,3.0,8,0.20423126183454224
10.01,0.1046628598272375,93.4288216152286,0,100,3.0,8,0.3154222102025465
10.015,0.1320831047748631,100.45351412056698,0,100,3.0,8,0.4545250320904352
10.02,0.16303381314489318,108.36134960751014,0,100,3.0,8,0.6111158338120819
10.025,0.19682662652900276,116.21652194472324,0,100,3.0,8,0.7666638008856087
10.03,0.23241585813229,122.82360122088085,0,100,3.0,8,0.8974970538788286
10.035,0.26842527782774417,127.01713839847308,0,100,3.0,8,0.9805373940291698
10.04,0.30321927900592993,128.0,0,100,3.0,8,1.0
10.045,0.3350163137995362,125.59701682575721,0,100,3.0,8,0.9524161747674694
10.05,0.3620352400956416,120.3140247604608,0,100,3.0,8,0.8478024705041742
10.055,0.3826586036805073,113.17578272521496,0,100,3.0,8,0.7064511430735635
10.06,0.39559233134833227,105.41460450461524,0,100,3.0,8,0.5527644456359454
10.065,0.4,98.1397912084383,0,100,3.0,8,0.40870873680075837
10.07,0.39559233134833227,92.10783014594557,0,100,3.0,8,0.2892639632860509
10.075,0.3826586036805073,87.64951021194136,0,100,3.0,8,0.2009804002364626
10.08,0.3620352400956416,84.73520644729147,0,100,3.0,8,0.143271414797851
10.085,0.3350163137995362,83.11302488416099,0,100,3.0,8,0.11114900760714837
10.09,0.3032192790059296,82.45012180045974,0,100,3.0,8,0.09802221387048991
10.095,0.26842527782774417,82.43311100444015,0,100,3.0,8,0.09768536642455743
10.1,0.23241585813229,82.8162323398421,0,100,3.0,8,0.10527192752162579
10.105,0.19682662652900276,83.42866618321837,0,100,3.0,8,0.11739933036075977
10.11,0.16303381314489318,84.1600622480566,0,100,3.0,8,0.13188242075359613
10.115,0.13208310477486307,84.940236624999,0,100,3.0,8,0.14733141831681193
10.12,0.10466285982723562,85.72195777553705,0,100,3.0,8,0.1628110450601396
10.125,0.08111733445917907,86.4696633299647,0,100,3.0,8,0.1776170956428654
10.13,0.06149084917398798,87.15353818842898,0,100,3.0,8,0.19115917204809865
10.135,0.04559141333598128,87.74725089071974,0,100,3.0,8,0.2029158592221731
10.14,0.03306217087257399,88.22774168238095,0,100,3.0,8,0.21243052836397924
10.145,0.02345067901074276,88.57593914149084,0,100,3.0,8,0.21932552755427395
10.15,0.016268788896435526,88.77773137510404,0,100,3.0,8,0.2233214133683968
10.155,0.011039026374860051,88.82481855964929,0,100,3.0,8,0.22425383286434233
10.16,0.007326255555493689,88.71524935893723,0,100,3.0,8,0.22208414572152926
10.165,0.0047556414315231815,88.45354650959632,0,100,3.0,8,0.21690191108111528
10.17,0.0030193390635632803,88.05039484238684,0,100,3.0,8,0.20891870975023438
10.175,0.001874953127946523,87.52191701266186,0,100,3.0,8,0.1984538022309279
10.18,0.0011387927410965778,86.88860404516025,0,100,3.0,8,0.18591295138931188
10.185,0.0006765107634274089,86.17399918548756,0,100,3.0,8,0.17176236010866455
10.19,0.00039307957404427924,85.40325259759987,0,100,3.0,8,0.15650005143762127
10.195,0.00022338910511776318,84.60166988532686,0,100,3.0,8,0.14062712644211597
10.2,0.00012417073320013317,83.79336949573046,0,100,3.0,8,0.12462117813327643
10.205,6.750753468904987e-05,83.00014467233905,0,100,3.0,8,0.10891375588790192
10.21,3.5897234866245036e-05,82.2405979846216,0,100,3.0,8,0.09387322741824954
10.215,1.8670050400879738e-05,81.52958456421845,0,100,3.0,8,0.07979375374690006
10.22,9.497421874143672e-06,80.8779681711764,0,100,3.0,8,0.06689045883517634
10.225,4.725434140340885e-06,80.29266578507671,0,100,3.0,8,0.05530031257577638
10.23,2.299606063738814e-06,79.77693434234938,0,100,3.0,8,0.045087808759393624
10.235,1.0945633976635486e-06,79.33083911757771,0,100,3.0,8,0.03625423995203387
10.24,5.095703414287532e-07,78.95183743607637,0,100,3.0,8,0.028749256159928207
10.245,2.3202944964797243e-07,78.63541317800785,0,100,3.0,8,0.022483429267482213
10.25,1.0333746954038608e-07,78.3757053491493,0,100,3.0,8,0.017340699983154448
10.255,4.501406988770349e-08,78.16608584846017,0,100,3.0,8,0.013189818781389513
10.26,0.0,77.99965535153865,0,100,3.0,8,0.00989416537700296
10.265,0.0,77.86964004284735,0,100,3.0,8,0.007319604808858435
10.27,0.0,77.7696842680522,0,100,3.0,8,0.005340282535687178
10.275,0.0,77.69404405685896,0,100,3.0,8,0.0038424565714644857
10.28,0.0,77.63769342762592,0,100,3.0,8,0.0027266025272459243
10.285,0.0,77.59635942692422,0,100,3.0,8,0.0019081074638460122
10.29,0.0,77.56650332172448,0,100,3.0,8,0.0013168974598907444
10.295,0.0,77.54526479938636,0,100,3.0,8,0.0008963326611160258
10.3,0.0,77.53038407321809,0,100,3.0,8,0.0006016648161997493
10.305,0.0,77.52011404975813,0,100,3.0,8,0.0003982980150125725
10.31,0.0,77.51313170683527,0,100,3.0,8,0.0002600337987181626
10.315,0.0,77.50845494854985,0,100,3.0,8,0.0001674247237594887
10.32,0.0,77.5053686969771,0,100,3.0,8,0.00010631083122971762
10.325,0.0,77.50336197861758,0,100,3.0,8,6.6573834011411e-05
10.33,0.0,77.50207629536354,0,100,3.0,8,4.1114759673998586e-05
10.335,0.0,77.5012645949802,0,100,3.0,8,2.5041484756421046e-05
10.34,0.0,77.50075959466382,0,100,3.0,8,1.5041478491465937e-05
10.345,0.0,77.50044996681824,0,100,3.0,8,8.910234024507182e-06
10.35,0.0,77.50026287374051,0,100,3.0,8,5.205420604165783e-06
10.355,0.0,77.50015145445519,0,100,3.0,8,2.9990981226213685e-06
10.36,0.0,77.5000860567684,0,100,3.0,8,1.7040944236790586e-06
10.365,0.0,77.50004822321333,0,100,3.0,8,9.549151153769704e-07
10.37,0.0,77.50002664988816,0,100,3.0,8,5.277205575409182e-07
10.375,0.0,77.50001452455274,0,100,3.0,8,2.87614905726802e-07
10.38,0.0,77.50000780689389,0,100,3.0,8,1.545919582269454e-07
10.385,0.001684486749771458,77.5000041382995,0,100,3.0,8,8.194652479579589e-08
10.39,0.00456624331333666,77.5000021633844,0,100,3.0,8,4.2839294936507795e-08
10.395,0.011079731271581421,77.50000111535623,0,100,3.0,8,2.2086261919461736e-08
10.4,0.024064571490409,77.50000056710259,0,100,3.0,8,1.1229754235419834e-08
10.405,0.046784906529573234,77.5000002843661,0,100,3.0,8,5.631011784469881e-09
10.41,0.08141644351188804,77.50000014062486,0,100,3.0,8,2.784650749811473e-09
10.415,0.12682276464025305,77.5000000685827,0,100,3.0,8,1.3580731346976763e-09
10.42,0.1768320708657512,77.5000000329864,0,100,3.0,8,6.53196168221455e-10
10.425,0.22070063230473494,77.50000001564673,0,100,3.0,8,3.0983631062338077e-10
10.43,0.24656126505113576,77.50000000731949,0,100,3.0,8,1.4494030618170475e-10
10.435,0.24656126505724016,77.5000000033768,0,100,3.0,8,6.686727739170327e-11
10.44,0.220700632329898,77.50000000153638,0,100,3.0,8,3.042332942226998e-11
10.445,0.17683207093748562,77.50000000068938,0,100,3.0,8,1.3651144021567612e-11
10.45,0.12682276483597799,77.50000000030506,0,100,3.0,8,6.0408795677473545e-12
10.455,0.08141644409447898,77.50000000013313,0,100,3.0,8,2.6361839004358887e-12
10.46,0.04678490952598309,77.5000000000573,0,100,3.0,8,1.1346171527068214e-12
10.465,0.024064605020532023,77.50000000002431,0,100,3.0,8,4.81480641934864e-13
10.47,0.011080171739334697,77.50000000001017,0,100,3.0,8,2.0148459358583435e-13
10.475,0.004571212771509492,77.5000000000042,0,100,3.0,8,8.329530684554046e-14
10.48,0.0017299316936037438,77.5000000000017,0,100,3.0,8,3.376836764008397e-14
10.485,0.0008899431850697582,77.50000000000068,0,100,3.0,8,1.3507347056033587e-14
10.49,0.002128806368910263,77.50000000000027,0,100,3.0,8,5.346658209679962e-15
10.495,0.009309664818487698,77.5000000000001,0,100,3.0,8,1.969821445671565e-15
10.5,0.03503263543368747,77.50000000000004,0,100,3.0,8,8.442091910020992e-16
10.505,0.10606267793605692,77.50000000000001,0,100,3.0,8,2.814030636673664e-16
10.51,0.25734927343160535,77.5,0,100,3.0,8,0.0
10.515,0.5003202479539708,77.5,0,100,3.0,8,0.0
10.52,0.7793067891790435,77.5,0,100,3.0,8,0.0
10.525,0.9720477407234077,77.50000295871328,1,100,3.0,8,5.858838181161941e-08
10.53,0.967267334488097,77.50000740019107,0,100,3.0,8,1.465384369535374e-07
10.535,0.7505869905515209,77.50002131220425,0,100,3.0,8,4.220238466105272e-07
10.54,0.4028369574773956,77.50007513163055,0,100,3.0,8,1.4877550604456467e-06
10.545,0.04553881263121314,77.50030840537656,0,100,3.0,8,6.10703715955703e-06
10.55,-0.189138810908105,77.50131943994613,0,100,3.0,8,2.612752368573899e-05
10.555,-0.22868072635956738,77.50542435970121,0,100,3.0,8,0.00010741306339027553
10.56,-0.14104670682394166,77.52059609565615,0,100,3.0,8,0.000407843478339515
10.565,-0.051158381651102834,77.57102984047634,0,100,3.0,8,0.0014065314945810314
10.57,-0.008206426846427752,77.72096867411,0,100,3.0,8,0.004375617309108856
10.575,0.005350271385530505,78.11829412838527,0,100,3.0,8,0.012243448086837085
10.58,0.01084668799215426,79.05410246168265,0,100,3.0,8,0.030774306171933587
10.585,0.016256859896386415,81.00694574481096,0,100,3.0,8,0.06944447019427649
10.59,0.02345021205790711,84.6026742706101,0,100,3.0,8,0.14064701525960582
10.595,0.0330621597308209,90.40925217388771,0,100,3.0,8,0.2556287559185685
10.6,0.04559141319943196,98.55447771649351,0,100,3.0,8,0.41692035082165363
10.605,0.06149084917446989,108.3144472678722,0,100,3.0,8,0.6101870746113306
10.61,0.08111733445924295,117.97237236692787,0,100,3.0,8,0.8014331161767896
10.615,0.1046628598272375,125.21161291889499,0,100,3.0,8,0.9447844142355443
10.62,0.1320831047748631,128.0,0,100,3.0,8,1.0
10.625,0.16303381314489318,125.52392013207974,0,100,3.0,8,0.9509687154867275
10.63,0.19682662652900276,118.59355168470503,0,100,3.0,8,0.8137336967268324
10.635,0.23241585813229,109.24911342596609,0,100,3.0,8,0.628695315365665
10.64,0.26842527782774417,99.83025555641188,0,100,3.0,8,0.4421832783447898
10.645,0.30321927900592993,92.08562951572065,0,100,3.0,8,0.28882434684595354
10.65,0.3350163137995362,86.76928910070765,0,100,3.0,8,0.1835502792219337
10.655,0.3620352400956416,83.77339359375728,0,100,3.0,8,0.12422561571796588
10.66,0.3826586036805073,82.5363467769564,0,100,3.0,8,0.09972963914765162
10.665,0.39559233134833227,82.42561378054214,0,100,3.0,8,0.09753690654538884
10.67,0.4,82.94474354200393,0,100,3.0,8,0.1078167038020581
10.675,0.39559233134833227,83.77504177162079,0,100,3.0,8,0.12425825290338202
10.68,0.3826586036805073,84.7324594374887,0,100,3.0,8,0.14321701856413266
10.685,0.3620352400956416,85.70946224112325,0,100,3.0,8,0.16256360873511383
10.69,0.3350163137995362,86.63379520285729,0,100,3.0,8,0.18086723173974822
10.695,0.3032192790059296,87.44804682167856,0,100,3.0,8,0.19699102617185266
10.7,0.26842527782774417,88.10321473450831,0,100,3.0,8,0.2099646482080854
10.705,0.23241585813229,88.55910619458378,0,100,3.0,8,0.21899220187294607
10.71,0.19682662652900276,88.78701414731654,0,100,3.0,8,0.2235052306399315
10.715,0.16303381314489318,88.77232605453356,0,100,3.0,8,0.22321437731749633
10.72,0.13208310477486307,88.51598297151052,0,100,3.0,8,0.21813827666357474
10.725,0.10466285982723562,88.03436060511252,0,100,3.0,8,0.20860120010123812
10.73,0.08111733445917907,87.35753465927434,0,100,3.0,8,0.19519870612424428
10.735,0.06149084917398798,86.52617296222067,0,100,3.0,8,0.17873609826179546
10.74,0.04559141333598128,85.58749819066745,0,100,3.0,8,0.16014847902311774
10.745,0.03306217087257399,84.5908769376044,0,100,3.0,8,0.14041340470503774
10.75,0.02345067901074276,83.58360357636023,0,100,3.0,8,0.12046739755168777
10.755,0.016268788896435526,82.60736706234556,0,100,3.0,8,0.10113598143258534
10.76,0.011039026374860051,81.69573878855576,0,100,3.0,8,0.08308393640704471
10.765,0.007326255555493689,80.87283441609227,0,100,3.0,8,0.0667888003186589
10.77,0.0047556414315231815,80.15311946096072,0,100,3.0,8,0.05253701902892523
10.775,0.0030193390635632803,79.54217895449113,0,100,3.0,8,0.040439187217646236
10.78,0.001874953127946523,79.03817586928324,0,100,3.0,8,0.030458928104618543
10.785,0.0011387927410965778,78.63368760426654,0,100,3.0,8,0.022449259490426553
10.79,0.0006765107634274089,78.31762847666441,0,100,3.0,8,0.016190662904245746
10.795,0.00039307957404427924,78.07702393235546,0,100,3.0,8,0.01142621648228632
10.8,0.00022338910511776318,77.89848029473889,0,100,3.0,8,0.007890698905720566
10.805,0.00012417073320013317,77.76927440836376,0,100,3.0,8,0.005332166502252602
10.81,6.750753468904987e-05,77.67805678083279,0,100,3.0,8,0.0035258768481740634
10.815,3.5897234866245036e-05,77.61521185278825,0,100,3.0,8,0.002281422827490085
10.82,1.8670050400879738e-05,77.5729476004796,0,100,3.0,8,0.001444506940189983
10.825,9.497421874143672e-06,77.54519600702889,0,100,3.0,8,0.0008949704362156818
10.83,4.725434140340885e-06,77.52740086864021,0,100,3.0,8,0.0005425914582220608
10.835,2.299606063738814e-06,77.51625562980676,0,100,3.0,8,0.00032189365953988523
10.84,1.0945633976635486e-06,77.50943666366969,0,100,3.0,8,0.0001868646271225541
10.845,5.095703414287532e-07,77.50536053776007,0,100,3.0,9,0.00010614926257562279
10.85,2.3202944964797243e-07,77.50297970622991,0,100,3.0,9,5.900408376055791e-05
10.855,1.0333746954038608e-07,77.5016207414713,0,100,3.0,9,3.209389052078069e-05
10.86,4.501406988770349e-08,77.5008626393152,0,100,3.0,9,1.708196663765076e-05
10.865,0.0,77.50044928296946,0,100,3.0,9,8.896692464466667e-06
10.87,0.001684486749771458,77.50022897384244,0,100,3.0,9,4.534135493850945e-06
10.875,0.00456624331333666,77.5001141897164,0,100,3.0,9,2.2611825029501477e-06
10.88,0.011079731271581421,77.50005572413338,0,100,3.0,9,1.1034481856471091e-06
10.885,0.024064571490409,77.5000266093863,0,100,3.0,9,5.269185405182671e-07
10.89,0.046784906529573234,77.50001243373481,0,100,3.0,9,2.4621257049003893e-07
10.895,0.08141644351188804,77.50000568517122,0,100,3.0,9,1.1257764786833913e-07
10.9,0.12682276464025305,77.50000254366962,0,100,3.0,9,5.036969551244087e-08
10.905,0.1768320708657512,77.50000111366114,0,100,3.0,9,2.205269588062443e-08
10.91,0.22070063230473494,77.50000047711232,0,100,3.0,9,9.447768771940108e-09
10.915,0.24656126505113576,77.50000020001539,0,100,3.0,9,3.960700845403486e-09
10.92,0.24656126505724016,77.50000008205053,0,100,3.0,9,1.6247630391811946e-09
10.925,0.220700632329898,77.50000003293628,0,100,3.0,9,6.522036596159001e-10
10.93,0.17683207093748562,77.50000001293728,0,100,3.0,9,2.5618372110149704e-10
10.935,0.12682276483597799,77.50000000497263,0,100,3.0,9,9.846799723235751e-11
10.94,0.08141644409447898,77.50000000187028,0,100,3.0,9,3.703517580619843e-11
10.945,0.04678490952598309,77.50000000068833,0,100,3.0,9,1.3630320194856227e-11
10.95,0.024064605020532023,77.5000000002479,0,100,3.0,9,4.9087950426135395e-12
10.955,0.011080171739334697,77.50000000008735,0,100,3.0,9,1.7297846323633013e-12
10.96,0.004571212771509492,77.50000000003013,0,100,3.0,9,5.965744949748168e-13
10.965,0.0017299316936037438,77.50000000001016,0,100,3.0,9,2.0120319052216699e-13
10.97,0.0008899431850697582,77.50000000000335,0,100,3.0,9,6.641112302549847e-14
10.975,0.002128806368910263,77.50000000000108,0,100,3.0,9,2.1386632838719847e-14
10.98,0.009309664818487698,77.50000000000034,0,100,3.0,9,6.7536735280167935e-15
10.985,0.03503263543368747,77.5000000000001,0,100,3.0,9,1.969821445671565e-15
10.99,0.10606267793605692,77.50000000000003,0,100,3.0,9,5.628061273347328e-16
10.995,0.25734927343160535,77.50000000000001,0,100,3.0,9,2.814030636673664e-16
11.0,0.5003202479539708,77.5,0,100,3.0,9,0.0
11.005,0.7793067891790435,77.5,0,100,3.0,9,0.0
11.01,0.9720477407234077,77.50000296417907,1,100,3.0,9,5.8696615339370215e-08
11.015,0.967267334488097,77.50000671426626,0,100,3.0,9,1.3295576758366115e-07
11.02,0.7505869905515209,77.50001690807775,0,100,3.0,9,3.3481342086923917e-07
11.025,0.4028369574773956,77.50004998152149,0,100,3.0,9,9.897330987161408e-07
11.03,0.04553881263121314,77.50017093493624,0,100,3.0,9,3.3848502224904368e-06
11.035,-0.189138810908105,77.50062682696246,0,100,3.0,9,1.2412415098215026e-05
11.04,-0.22868072635956738,77.50228951654114,0,100,3.0,9,4.533696121069003e-05
11.045,-0.14104670682394166,77.50797121731352,0,100,3.0,9,0.00015784588739653274
11.05,-0.051158381651102834,77.52589581734757,0,100,3.0,9,0.0005127884623282125
11.055,-0.008206426846427752,77.57774358530986,0,100,3.0,9,0.001539476936828929
11.06,0.005350271385530505,77.7147515715821,0,100,3.0,9,0.00425250636796235
11.065,0.01084668799215426,78.04471478880228,0,100,3.0,9,0.01078643146143131
11.07,0.016256859896386415,78.76748649806238,0,100,3.0,9,0.02509874253588876
11.075,0.02345021205790711,80.20427167320135,0,100,3.0,9,0.05354993412279896
11.08,0.0330621597308209,82.78911922275384,0,100,3.0,9,0.10473503411393742
11.085,0.04559141319943196,86.98172744251318,0,100,3.0,9,0.18775697905966685
11.09,0.06149084917446989,93.07887730032347,0,100,3.0,9,0.30849261980838555
11.095,0.08111733445924295,100.95962721250167,0,100,3.0,9,0.4645470735148846
11.1,0.1046628598272375,109.87793025058434,0,100,3.0,9,0.6411471336749375
11.105,0.1320831047748631,118.45853789884562,0,100,3.0,9,0.8110601564127845
11.11,0.16303381314489318,124.99616767138359,0,100,3.0,9,0.9405181717105661
11.115,0.19682662652900276,128.0,0,100,3.0,9,1.0
11.12,0.23241585813229,126.75356838385197,0,100,3.0,9,0.9753181858188509
11.125,0.26842527782774417,121.60504184108623,0,100,3.0,9,0.8733671651700244
11.13,0.30321927900592993,113.82915829348634,0,100,3.0,9,0.7193892731383434
11.135,0.3350163137995362,105.1368956240279,0,100,3.0,9,0.5472652598817406
11.14,0.3620352400956416,97.09121900543379,0,100,3.0,9,0.387944930800669
11.145,0.3826586036805073,90.69899581482312,0,100,3.0,9,0.2613662537588737
11.15,0.39559233134833227,86.30643547151764,0,100,3.0,9,0.1743848608221316
11.155,0.4,83.74771204094193,0,100,3.0,9,0.12371707011766206
11.16,0.39559233134833227,82.59820551494997,0,100,3.0,9,0.1009545646524746
11.165,0.3826586036805073,82.39507218456649,0,100,3.0,9,0.09693212246666312
11.17,0.3620352400956416,82.76100457002498,0,100,3.0,9,0.10417830831732633
11.175,0.3350163137995362,83.43701275683196,0,100,3.0,9,0.11756460904617747
11.18,0.3032192790059296,84.26274473002995,0,100,3.0,9,0.13391573722831585
11.185,0.26842527782774417,85.14136714527861,0,100,3.0,9,0.1513142008966061
11.19,0.23241585813229,86.00990517918865,0,100,3.0,9,0.1685129738453198
11.195,0.19682662652900276,86.82112236316677,0,100,3.0,9,0.1845766804587478
11.2,0.16303381314489318,87.53521333823748,0,100,3.0,9,0.19871709580668284
11.205,0.13208310477486307,88.11753774701205,0,100,3.0,9,0.21024827221806042
11.21,0.10466285982723562,88.53926927071664,0,100,3.0,9,0.2185993914993395
11.215,0.08111733445917907,88.77902403173812,0,100,3.0,9,0.22334701052946768
11.22,0.06149084917398798,88.82443075630417,0,100,3.0,9,0.22424615359018152
11.225,0.04559141333598128,88.67312595457363,0,100,3.0,9,0.22125001890244822
11.23,0.03306217087257399,88.33294216334119,0,100,3.0,9,0.21451370620477597
11.235,0.02345067901074276,87.8212325486588,0,100,3.0,9,0.20438084254769898
11.24,0.016268788896435526,87.16340340705206,0,100,3.0,9,0.19135452291192195
11.245,0.011039026374860051,86.39082504390485,0,100,3.0,9,0.17605594146346246
11.25,0.007326255555493689,85.53835951391795,0,100,3.0,9,0.15917543591916739
11.255,0.0047556414315231815,84.64177552213825,0,100,3.0,9,0.1414212974680841
11.26,0.0030193390635632803,83.73531462915751,0,100,3.0,9,0.12347157681500029
11.265,0.001874953127946523,82.8496326055666,0,100,3.0,9,0.10593331892211084
11.27,0.0011387927410965778,82.01027424192745,0,100,3.0,9,0.0893123612262861
11.275,0.0006765107634274089,81.23676123804874,0,100,3.0,9,0.07399527204056917
11.28,0.00039307957404427924,80.54229383076677,0,100,3.0,9,0.06024344219340132
11.285,0.00022338910511776318,79.93399886750076,0,100,3.0,9,0.04819799737625271
11.29,0.00012417073320013317,79.41360807300065,0,100,3.0,9,0.037893229168329615
11.295,6.750753468904987e-05,78.97842407043797,0,100,3.0,9,0.029275724167088454
11.3,3.5897234866245036e-05,78.62242792395355,0,100,3.0,9,0.022226295523832713
11.305,1.8670050400879738e-05,78.33739682142036,0,100,3.0,9,0.016582115275650608
11.31,9.497421874143672e-06,78.11392816965889,0,100,3.0,9,0.0121569934585919
11.315,4.725434140340885e-06,77.9423002876319,0,100,3.0,9,0.008758421537265242
11.32,2.299606063738814e-06,77.81313404636992,0,100,3.0,9,0.006200674185543062
11.325,1.0945633976635486e-06,77.7178495995346,0,100,3.0,9,0.004313853456130745
11.33,5.095703414287532e-07,77.64893495872354,0,100,3.0,9,0.002949207103436511
11.335,2.3202944964797243e-07,77.60005756748029,0,100,3.0,9,0.0019813379699067666
11.34,1.0333746954038608e-07,77.56605666430328,0,100,3.0,9,0.0013080527584806965
11.345,4.501406988770349e-08,77.54285453088583,0,100,3.0,9,0.0008486045719966978
11.35,0.0,77.5273206016611,0,100,3.0,9,0.0005410020130911431
11.355,0.0,77.51711579911962,0,100,3.0,9,0.0003389267152400488
11.36,0.0,77.5105370128528,0,100,3.0,9,0.00020865371985730172
11.365,0.0,77.50637457516568,0,100,3.0,9,0.00012622921120157684
11.37,0.0,77.50378964379554,0,100,3.0,9,7.504245139688068e-05
11.375,0.0,77.50221390480374,0,100,3.0,9,4.3839699083937465e-05
11.38,0.0,77.50127096298368,0,100,3.0,9,2.5167583835287354e-05
11.385,0.0,77.5007170018383,0,100,3.0,9,1.4198056203890746e-05
11.39,0.0,77.5003974852742,0,100,3.0,9,7.870995528834317e-06
11.395,0.0,77.50021653855089,0,100,3.0,9,4.287892096780893e-06
11.4,0.0,77.50011592118605,0,100,3.0,9,2.2954690307145002e-06
11.405,0.0,77.50006098230187,0,100,3.0,9,1.2075703341564587e-06
11.41,0.001684486749771458,77.50003152522672,0,100,3.0,9,6.2426191519053e-07
11.415,0.00456624331333666,77.50001601496638,0,100,3.0,9,3.1712804707015015e-07
11.42,0.011079731271581421,77.5000079947935,0,100,3.0,9,1.5831274269955187e-07
11.425,0.024064571490409,77.50000392194843,0,100,3.0,9,7.766234521924243e-08
11.43,0.046784906529573234,77.50000189064467,0,100,3.0,9,3.743850828472529e-08
11.435,0.08141644351188804,77.50000089563562,0,100,3.0,9,1.7735358862482105e-08
11.44,0.12682276464025305,77.50000041693293,0,100,3.0,9,8.256097710880856e-09
11.445,0.1768320708657512,77.500000190728,0,100,3.0,9,3.776792124368188e-09
11.45,0.22070063230473494,77.50000008573855,0,100,3.0,9,1.697793043667213e-09
11.455,0.24656126505113576,77.50000003787487,0,100,3.0,9,7.499974151077107e-10
11.46,0.24656126505724016,77.50000001644143,0,100,3.0,9,3.255729327497872e-10
11.465,0.220700632329898,77.50000000701361,0,100,3.0,9,1.3888338663932835e-10
11.47,0.17683207093748562,77.50000000294007,0,100,3.0,9,5.821919843907777e-11
11.475,0.12682276483597799,77.50000000121112,0,100,3.0,9,2.3982576101051303e-11
11.48,0.08141644409447898,77.50000000049026,0,100,3.0,9,9.708124293460474e-12
11.485,0.04678490952598309,77.50000000019502,0,100,3.0,9,3.8616942427072695e-12
11.49,0.024064605020532023,77.50000000007623,0,100,3.0,9,1.5094460335117535e-12
11.495,0.011080171739334697,77.50000000002929,0,100,3.0,9,5.799717142184422e-13
11.5,0.004571212771509492,77.50000000001106,0,100,3.0,9,2.1893158353321106e-13
11.505,0.0017299316936037438,77.50000000000409,0,100,3.0,9,8.104408233620152e-14
11.51,0.0008899431850697582,77.50000000000149,0,100,3.0,9,2.9547321685073474e-14
11.515,0.002128806368910263,77.50000000000054,0,100,3.0,9,1.0693316419359924e-14
11.52,0.009309664818487698,77.50000000000018,0,100,3.0,9,3.6582398276757634e-15
11.525,0.03503263543368747,77.50000000000007,0,100,3.0,9,1.4070153183368321e-15
11.53,0.10606267793605692,77.50000000000003,0,100,3.0,9,5.628061273347328e-16
11.535,0.25734927343160535,77.5,0,100,3.0,9,0.0
11.54,0.5003202479539708,77.5,0,100,3.0,9,0.0
11.545,0.7793067891790435,77.5,0,100,3.0,9,0.0
11.55,0.9720477407234077,77.5,1,100,3.0,9,0.0
11.555,0.967267334488097,77.5,0,100,3.0,9,0.0
11.56,0.7505869905515209,77.5,0,100,3.0,9,0.0
11.565,0.4028369574773956,77.5,0,100,3.0,9,0.0
11.57,0.04553881263121314,77.5,0,100,3.0,9,0.0
11.575,-0.189138810908105,77.5,0,100,3.0,9,0.0
11.58,-0.22868072635956738,77.5,0,100,3.0,9,0.0
11.585,-0.14104670682394166,77.5,0,100,3.0,9,0.0
11.59,-0.051158381651102834,77.5,0,100,3.0,9,0.0
11.595,-0.008206426846427752,77.5,0,100,3.0,9,0.0
11.6,0.005350271385530505,77.5,0,100,3.0,9,0.0
11.605,0.01084668799215426,77.5,0,100,3.0,9,0.0
11.61,0.016256859896386415,77.5,0,100,3.0,9,0.0
11.615,0.02345021205790711,77.5,0,100,3.0,9,0.0
11.62,0.0330621597308209,77.5,0,100,3.0,9,0.0
11.625,0.04559141319943196,77.5,0,100,3.0,9,0.0
11.63,0.06149084917446989,77.5,0,100,3.0,9,0.0
11.635,0.08111733445924295,77.5,0,100,3.0,9,0.0
11.64,0.1046628598272375,77.5,0,100,3.0,9,0.0
11.645,0.1320831047748631,77.5,0,100,3.0,9,0.0
11.65,0.16303381314489318,77.5,0,100,3.0,9,0.0
11.655,0.19682662652900276,77.5,0,100,3.0,9,0.0
11.66,0.23241585813229,77.5,0,100,3.0,9,0.0
11.665,0.26842527782774417,77.5,0,100,3.0,9,0.0
11.67,0.30321927900592993,77.5,0,100,3.0,9,0.0
11.675,0.3350163137995362,77.5,0,100,3.0,9,0.0
11.68,0.3620352400956416,77.5,0,100,3.0,9,0.0
11.685,0.3826586036805073,77.5,0,100,3.0,9,0.0
11.69,0.39559233134833227,77.5,0,100,3.0,9,0.0
11.695,0.4,77.5,0,100,3.0,9,0.0
11.7,0.39559233134833227,77.5,0,100,3.0,9,0.0
11.705,0.3826586036805073,77.5,0,100,3.0,9,0.0
11.71,0.3620352400956416,77.5,0,100,3.0,9,0.0
11.715,0.3350163137995362,77.5,0,100,3.0,9,0.0
11.72,0.3032192790059296,77.5,0,100,3.0,9,0.0
11.725,0.26842527782774417,77.5,0,100,3.0,9,0.0
11.73,0.23241585813229,77.5,0,100,3.0,9,0.0
11.735,0.19682662652900276,77.5,0,100,3.0,9,0.0
11.74,0.16303381314489318,77.5,0,100,3.0,9,0.0
11.745,0.13208310477486307,77.5,0,100,3.0,9,0.0
11.75,0.10466285982723562,77.5,0,100,3.0,9,0.0
11.755,0.08111733445917907,77.5,0,100,3.0,9,0.0
11.76,0.06149084917398798,77.5,0,100,3.0,9,0.0
11.765,0.04559141333598128,77.5,0,100,3.0,9,0.0
11.77,0.03306217087257399,77.5,0,100,3.0,9,0.0
11.775,0.02345067901074276,77.5,0,100,3.0,9,0.0
11.78,0.016268788896435526,77.5,0,100,3.0,9,0.0
11.785,0.011039026374860051,77.5,0,100,3.0,9,0.0
11.79,0.007326255555493689,77.5,0,100,3.0,9,0.0
11.795,0.0047556414315231815,77.5,0,100,3.0,9,0.0
11.8,0.0030193390635632803,77.5,0,100,3.0,9,0.0
11.805,0.001874953127946523,77.5,0,100,3.0,9,0.0
11.81,0.0011387927410965778,77.5,0,100,3.0,9,0.0
11.815,0.0006765107634274089,77.5,0,100,3.0,9,0.0
11.82,0.00039307957404427924,77.5,0,100,3.0,9,0.0
11.825,0.00022338910511776318,77.5,0,100,3.0,9,0.0
11.83,0.00012417073320013317,77.5,0,100,3.0,9,0.0
11.835,6.750753468904987e-05,77.5,0,100,3.0,9,0.0
11.84,3.5897234866245036e-05,77.5,0,100,3.0,9,0.0
11.845,1.8670050400879738e-05,77.5,0,100,3.0,9,0.0
11.85,9.497421874143672e-06,77.5,0,100,3.0,9,0.0
11.855,4.725434140340885e-06,77.5,0,100,3.0,9,0.0
11.86,2.299606063738814e-06,77.5,0,100,3.0,9,0.0
11.865,1.0945633976635486e-06,77.5,0,100,3.0,9,0.0
11.87,5.095703414287532e-07,77.5,0,100,3.0,9,0.0
11.875,2.3202944964797243e-07,77.5,0,100,3.0,9,0.0
11.88,1.0333746954038608e-07,77.5,0,100,3.0,9,0.0
11.885,4.501406988770349e-08,77.5,0,100,3.0,9,0.0
11.89,0.0,77.5,0,100,3.0,9,0.0
11.895,0.0,77.5,0,100,3.0,9,0.0
11.9,0.0,77.5,0,100,3.0,9,0.0
11.905,0.0,77.5,0,100,3.0,9,0.0
11.91,0.0,77.5,0,100,3.0,9,0.0
11.915,0.0,77.5,0,100,3.0,9,0.0
11.92,0.0,77.5,0,100,3.0,9,0.0
11.925,0.0,77.5,0,100,3.0,9,0.0
11.93,0.0,77.5,0,100,3.0,9,0.0
11.935,0.0,77.5,0,100,3.0,9,0.0
11.94,0.0,77.5,0,100,3.0,9,0.0
11.945,0.0,77.5,0,100,3.0,9,0.0
11.95,0.0,77.5,0,100,3.0,9,0.0
11.955,0.0,77.5,0,100,3.0,9,0.0
11.96,0.0,77.5,0,100,3.0,9,0.0
11.965,0.0,77.5,0,100,3.0,9,0.0
11.97,0.0,77.5,0,100,3.0,9,0.0
11.975,0.0,77.5,0,100,3.0,9,0.0
11.98,0.0,77.5,0,100,3.0,9,0.0
11.985,0.0,77.5,0,100,3.0,9,0.0
11.99,0.0,77.5,0,100,3.0,9,0.0
11.995,0.0,77.5,0,100,3.0,9,0.0
