Time,ECG,Pressure,R_Peaks,mean_hr,hrv_scale,Phase_Bin,Normalized_Pressure
0.0,0.001684486749771458,77.5,0,100,1.0,0,0.0
0.005,0.00456624331333666,77.5,0,100,1.0,0,0.0
0.01,0.011079731271581421,77.5,0,100,1.0,0,0.0
0.015,0.024064571490409,77.5,0,100,1.0,0,0.0
0.02,0.046784906529573234,77.5,0,100,1.0,0,0.0
0.025,0.08141644351188804,77.5,0,100,1.0,0,0.0
0.03,0.12682276464025305,77.5,0,100,1.0,0,0.0
0.035,0.1768320708657512,77.5,0,100,1.0,0,0.0
0.04,0.22070063230473494,77.5,0,100,1.0,0,0.0
0.045,0.24656126505113576,77.5,0,100,1.0,0,0.0
0.05,0.24656126505724016,77.5,0,100,1.0,0,0.0
0.055,0.220700632329898,77.5,0,100,1.0,0,0.0
0.06,0.17683207093748562,77.5,0,100,1.0,0,0.0
0.065,0.12682276483597799,77.5,0,100,1.0,0,0.0
0.07,0.08141644409447898,77.5,0,100,1.0,0,0.0
0.075,0.04678490952598309,77.5,0,100,1.0,0,0.0
0.08,0.024064605020532023,77.5,0,100,1.0,0,0.0
0.085,0.011080171739334697,77.5,0,100,1.0,0,0.0
0.09,0.004571212771509492,77.5,0,100,1.0,0,0.0
0.095,0.0017299316936037438,77.5,0,100,1.0,0,0.0
0.1,0.0008899431850697582,77.5,0,100,1.0,0,0.0
0.105,0.002128806368910263,77.5,0,100,1.0,0,0.0
0.11,0.009309664818487698,77.5,0,100,1.0,0,0.0
0.115,0.03503263543368747,77.5,0,100,1.0,0,0.0
0.12,0.10606267793605692,77.5,0,100,1.0,0,0.0
0.125,0.25734927343160535,77.5,0,100,1.0,0,0.0
0.13,0.5003202479539708,77.5,0,100,1.0,0,0.0
0.135,0.7793067891790435,77.5,0,100,1.0,0,0.0
0.14,0.9720477407234077,77.5,0,100,1.0,0,0.0
0.145,0.967267334488097,77.5,0,100,1.0,0,0.0
0.15,0.7505869905515209,77.5,0,100,1.0,0,0.0
0.155,0.4028369574773956,77.5,0,100,1.0,0,0.0
0.16,0.04553881263121314,77.5,0,100,1.0,0,0.0
0.165,-0.189138810908105,77.5,0,100,1.0,0,0.0
0.17,-0.22868072635956738,77.5,0,100,1.0,0,0.0
0.175,-0.14104670682394166,77.5,0,100,1.0,0,0.0
0.18,-0.051158381651102834,77.5,0,100,1.0,0,0.0
0.185,-0.008206426846427752,77.5,0,100,1.0,0,0.0
0.19,0.005350271385530505,77.5,0,100,1.0,0,0.0
0.195,0.01084668799215426,77.5,0,100,1.0,0,0.0
0.2,0.016256859896386415,77.5,0,100,1.0,0,0.0
0.205,0.02345021205790711,77.5,0,100,1.0,0,0.0
0.21,0.0330621597308209,77.5,0,100,1.0,0,0.0
0.215,0.04559141319943196,77.5,0,100,1.0,0,0.0
0.22,0.06149084917446989,77.5,0,100,1.0,0,0.0
0.225,0.08111733445924295,77.5,0,100,1.0,0,0.0
0.23,0.1046628598272375,77.5,0,100,1.0,0,0.0
0.235,0.1320831047748631,77.5,0,100,1.0,0,0.0
0.24,0.16303381314489318,77.5,0,100,1.0,0,0.0
0.245,0.19682662652900276,77.5,0,100,1.0,0,0.0
0.25,0.23241585813229,77.5,0,100,1.0,0,0.0
0.255,0.26842527782774417,77.5,0,100,1.0,0,0.0
0.26,0.30321927900592993,77.5,0,100,1.0,0,0.0
0.265,0.3350163137995362,77.5,0,100,1.0,0,0.0
0.27,0.3620352400956416,77.5,0,100,1.0,0,0.0
0.275,0.3826586036805073,77.5,0,100,1.0,0,0.0
0.28,0.39559233134833227,77.5,0,100,1.0,0,0.0
0.285,0.4,77.5,0,100,1.0,0,0.0
0.29,0.39559233134833227,77.5,0,100,1.0,0,0.0
0.295,0.3826586036805073,77.5,0,100,1.0,0,0.0
0.3,0.3620352400956416,77.5,0,100,1.0,0,0.0
0.305,0.3350163137995362,77.5,0,100,1.0,0,0.0
0.31,0.3032192790059296,77.5,0,100,1.0,0,0.0
0.315,0.26842527782774417,77.5,0,100,1.0,0,0.0
0.32,0.23241585813229,77.5,0,100,1.0,0,0.0
0.325,0.19682662652900276,77.5,0,100,1.0,0,0.0
0.33,0.16303381314489318,77.5,0,100,1.0,0,0.0
0.335,0.13208310477486307,77.5,0,100,1.0,0,0.0
0.34,0.10466285982723562,77.5,0,100,1.0,0,0.0
0.345,0.08111733445917907,77.5,0,100,1.0,0,0.0
0.35,0.06149084917398798,77.5,0,100,1.0,0,0.0
0.355,0.04559141333598128,77.5,0,100,1.0,0,0.0
0.36,0.03306217087257399,77.5,0,100,1.0,0,0.0
0.365,0.02345067901074276,77.5,0,100,1.0,0,0.0
0.37,0.016268788896435526,77.5,0,100,1.0,0,0.0
0.375,0.011039026374860051,77.5,0,100,1.0,0,0.0
0.38,0.007326255555493689,77.5,0,100,1.0,0,0.0
0.385,0.0047556414315231815,77.5,0,100,1.0,0,0.0
0.39,0.0030193390635632803,77.5,0,100,1.0,0,0.0
0.395,0.001874953127946523,77.5,0,100,1.0,0,0.0
0.4,0.0011387927410965778,77.5,0,100,1.0,0,0.0
0.405,0.0006765107634274089,77.5,0,100,1.0,0,0.0
0.41,0.00039307957404427924,77.5,0,100,1.0,0,0.0
0.415,0.00022338910511776318,77.5,0,100,1.0,0,0.0
0.42,0.00012417073320013317,77.5,0,100,1.0,0,0.0
0.425,6.750753468904987e-05,77.5,0,100,1.0,0,0.0
0.43,3.5897234866245036e-05,77.5,0,100,1.0,0,0.0
0.435,1.8670050400879738e-05,77.5,0,100,1.0,0,0.0
0.44,9.497421874143672e-06,77.5,0,100,1.0,0,0.0
0.445,4.725434140340885e-06,77.5,0,100,1.0,0,0.0
0.45,2.299606063738814e-06,77.5,0,100,1.0,0,0.0
0.455,1.0945633976635486e-06,77.5,0,100,1.0,0,0.0
0.46,5.095703414287532e-07,77.5,0,100,1.0,0,0.0
0.465,2.3202944964797243e-07,77.5,0,100,1.0,0,0.0
0.47,1.0333746954038608e-07,77.5,0,100,1.0,0,0.0
0.475,4.501406988770349e-08,77.5,0,100,1.0,0,0.0
0.48,0.0,77.5,0,100,1.0,0,0.0
0.485,0.0,77.5,0,100,1.0,0,0.0
0.49,0.0,77.5,0,100,1.0,0,0.0
0.495,0.0,77.5,0,100,1.0,0,0.0
0.5,0.0,77.5,0,100,1.0,0,0.0
0.505,0.0,77.5,0,100,1.0,0,0.0
0.51,0.0,77.5,0,100,1.0,0,0.0
0.515,0.0,77.5,0,100,1.0,0,0.0
0.52,0.0,77.5,0,100,1.0,0,0.0
0.525,0.0,77.5,0,100,1.0,0,0.0
0.53,0.0,77.5,0,100,1.0,0,0.0
0.535,0.0,77.5,0,100,1.0,0,0.0
0.54,0.0,77.5,0,100,1.0,0,0.0
0.545,0.0,77.5,0,100,1.0,0,0.0
0.55,0.0,77.5,0,100,1.0,0,0.0
0.555,0.0,77.5,0,100,1.0,0,0.0
0.56,0.0,77.5,0,100,1.0,0,0.0
0.565,0.0,77.5,0,100,1.0,0,0.0
0.57,0.0,77.5,0,100,1.0,0,0.0
0.575,0.0,77.5,0,100,1.0,0,0.0
0.58,0.0,77.5,0,100,1.0,0,0.0
0.585,0.0,77.5,0,100,1.0,0,0.0
0.59,0.0,77.5,0,100,1.0,0,0.0
0.595,0.0,77.5,0,100,1.0,0,0.0
0.6,0.0,77.5,0,100,1.0,0,0.0
0.605,0.0,77.5,0,100,1.0,0,0.0
0.61,0.0,77.5,0,100,1.0,0,0.0
0.615,0.0,77.5,0,100,1.0,0,0.0
0.62,0.0,77.5,0,100,1.0,0,0.0
0.625,0.001684486749771458,77.5,0,100,1.0,0,0.0
0.63,0.00456624331333666,77.5,0,100,1.0,0,0.0
0.635,0.011079731271581421,77.5,0,100,1.0,0,0.0
0.64,0.024064571490409,77.5,0,100,1.0,0,0.0
0.645,0.046784906529573234,77.5,0,100,1.0,0,0.0
0.65,0.08141644351188804,77.5,0,100,1.0,0,0.0
0.655,0.12682276464025305,77.5,0,100,1.0,0,0.0
0.66,0.1768320708657512,77.5,0,100,1.0,0,0.0
0.665,0.22070063230473494,77.5,0,100,1.0,0,0.0
0.67,0.24656126505113576,77.5,0,100,1.0,0,0.0
0.675,0.24656126505724016,77.5,0,100,1.0,0,0.0
0.68,0.220700632329898,77.5,0,100,1.0,0,0.0
0.685,0.17683207093748562,77.5,0,100,1.0,0,0.0
0.69,0.12682276483597799,77.5,0,100,1.0,0,0.0
0.695,0.08141644409447898,77.5,0,100,1.0,0,0.0
0.7,0.04678490952598309,77.5,0,100,1.0,0,0.0
0.705,0.024064605020532023,77.5,0,100,1.0,0,0.0
0.71,0.011080171739334697,77.5,0,100,1.0,0,0.0
0.715,0.004571212771509492,77.5,0,100,1.0,0,0.0
0.72,0.0017299316936037438,77.5,0,100,1.0,0,0.0
0.725,0.0008899431850697582,77.5,0,100,1.0,0,0.0
0.73,0.002128806368910263,77.5,0,100,1.0,0,0.0
0.735,0.009309664818487698,77.5,0,100,1.0,0,0.0
0.74,0.03503263543368747,77.5,0,100,1.0,0,0.0
0.745,0.10606267793605692,77.5,0,100,1.0,0,0.0
0.75,0.25734927343160535,77.5,0,100,1.0,0,0.0
0.755,0.5003202479539708,77.5,0,100,1.0,0,0.0
0.76,0.7793067891790435,77.5,0,100,1.0,0,0.0
0.765,0.9720477407234077,77.50000297456887,1,100,1.0,0,5.890235390306951e-08
0.77,0.967267334488097,77.5000062222234,0,100,1.0,0,1.2321234465270038e-07
0.775,0.7505869905515209,77.50001412492644,0,100,1.0,0,2.797015136113962e-07
0.78,0.4028369574773956,77.50003641983405,0,100,1.0,0,7.211848326008267e-07
0.785,0.04553881263121314,77.50010706994215,0,100,1.0,0,2.1201968741812684e-06
0.79,-0.189138810908105,77.50034212581059,0,100,1.0,0,6.774768526539258e-06
0.795,-0.22868072635956738,77.5011174452075,0,100,1.0,0,2.212762787125219e-05
0.8,-0.14104670682394166,77.50356855475515,0,100,1.0,0,7.066445059699122e-05
0.805,-0.051158381651102834,77.51086963859841,0,100,1.0,0,0.00021524036828529712
0.81,-0.008206426846427752,77.53118939740251,0,100,1.0,0,0.0006176118297527509
0.815,0.005350271385530505,77.5838025515997,0,100,1.0,0,0.001659456467320855
0.82,0.01084668799215426,77.71022945889035,0,100,1.0,0,0.004162959581987194
0.825,0.016256859896386415,77.99167912939262,0,100,1.0,0,0.009736220384012324
0.83,0.02345021205790711,78.5712635147241,0,100,1.0,0,0.021213138905427614
0.835,0.0330621597308209,79.67352667251653,0,100,1.0,0,0.043040132129040204
0.84,0.04559141319943196,81.60576661164305,0,100,1.0,0,0.0813023091414465
0.845,0.06149084917446989,84.71992636449431,0,100,1.0,0,0.1429688389008775
0.85,0.08111733445924295,89.3182428616724,0,100,1.0,0,0.23402461112222578
0.855,0.1046628598272375,95.50702080839233,0,100,1.0,0,0.3565746694731154
0.86,0.1320831047748631,103.03863252038366,0,100,1.0,0,0.5057154954531418
0.865,0.16303381314489318,111.21541053963608,0,100,1.0,0,0.6676318918739819
0.87,0.19682662652900276,118.93384620768896,0,100,1.0,0,0.8204722021324546
0.875,0.23241585813229,124.90436853284245,0,100,1.0,0,0.9387003669869793
0.88,0.26842527782774417,128.0,0,100,1.0,0,1.0
0.885,0.30321927900592993,127.60820170828875,0,100,1.0,0,0.9922416179859158
0.89,0.3350163137995362,123.83638395652297,0,100,1.0,0,0.9175521575549102
0.895,0.3620352400956416,117.47746650268306,0,100,1.0,0,0.7916330000531299
0.9,0.3826586036805073,109.75136675254107,0,100,1.0,0,0.6386409257928926
0.905,0.39559233134833227,101.93854206075709,0,100,1.0,0,0.48393152595558586
0.91,0.4,95.05631336589965,0,100,1.0,0,0.34764976962177535
0.915,0.39559233134833227,89.68561676959516,0,100,1.0,0,0.24129934197218134
0.92,0.3826586036805073,85.97066202095813,0,100,1.0,0,0.1677358816031313
0.925,0.3620352400956416,83.73963639863871,0,100,1.0,0,0.1235571564086873
0.93,0.3350163137995362,82.66506980421391,0,100,1.0,0,0.10227860998443394
0.935,0.3032192790059296,82.39769679500384,0,100,1.0,0,0.09698409495057106
0.94,0.26842527782774417,82.64426327774376,0,100,1.0,0,0.1018665995592824
0.945,0.23241585813229,83.1925217979524,0,100,1.0,0,0.1127232039198494
0.95,0.19682662652900276,83.90296821666257,0,100,1.0,0,0.12679144983490243
0.955,0.16303381314489318,84.68768921939152,0,100,1.0,0,0.1423304795919112
0.96,0.13208310477486307,85.48964936969762,0,100,1.0,0,0.15821087860787358
0.965,0.10466285982723562,86.2679527426403,0,100,1.0,0,0.1736228265869367
0.97,0.08111733445917907,86.9895179409416,0,100,1.0,0,0.18791124635527912
0.975,0.06149084917398798,87.62548740634166,0,100,1.0,0,0.20050470111567648
0.98,0.04559141333598128,88.15044219056064,0,100,1.0,0,0.21089984535763642
0.985,0.03306217087257399,88.54297359153537,0,100,1.0,0,0.21867274438683904
0.99,0.02345067901074276,88.78671463080131,0,100,1.0,0,0.22349929961982798
0.995,0.016268788896435526,88.87133001885871,0,100,1.0,0,0.2251748518585884
1.0,0.011039026374860051,88.79319881643394,0,100,1.0,0,0.2236276993353256
1.005,0.007326255555493689,88.55565877970061,0,100,1.0,0,0.2189239362316952
1.01,0.0047556414315231815,88.168766505288,0,100,1.0,0,0.21126270307501
1.015,0.0030193390635632803,87.64859039083257,0,100,1.0,0,0.20096218595708054
1.02,0.001874953127946523,87.01610373171393,0,100,1.0,0,0.18843769765770152
1.025,0.0011387927410965778,86.29578368219154,0,100,1.0,0,0.1741739343008226
1.03,0.0006765107634274089,85.51404620349248,0,100,1.0,0,0.15869398422757394
1.035,0.00039307957404427924,84.69765577968232,0,100,1.0,0,0.1425278372214321
1.04,0.00022338910511776318,83.87224160225274,0,100,1.0,0,0.12618300202480678
1.045,0.00012417073320013317,83.06103109428663,0,100,1.0,0,0.1101194276096363
1.05,6.750753468904987e-05,82.28388071988795,0,100,1.0,0,0.09473031128490983
1.055,3.5897234866245036e-05,81.5566476806962,0,100,1.0,0,0.08032965704348914
1.06,1.8670050400879738e-05,80.89090926252491,0,100,1.0,0,0.06714671806980028
1.065,9.497421874143672e-06,80.29400369189199,0,100,1.0,0,0.05532680578003935
1.07,4.725434140340885e-06,79.76934075119777,0,100,1.0,0,0.0449374406177777
1.075,2.299606063738814e-06,79.316914026084,0,100,1.0,0,0.03597849556601993
1.08,1.0945633976635486e-06,78.93393997639421,0,100,1.0,0,0.02839485101770721
1.085,5.095703414287532e-07,78.615551171725,0,100,1.0,0,0.02209012221237628
1.09,2.3202944964797243e-07,78.35548017624241,0,100,1.0,0,0.016940201509750674
1.095,1.0333746954038608e-07,78.14668432330618,0,100,1.0,0,0.012805630164478717
1.1,4.501406988770349e-08,77.98187749628777,0,100,1.0,0,0.009542128639361692
1.105,0.0,77.85395079052064,0,100,1.0,0,0.007008926544963209
1.11,0.0,77.7562778414269,0,100,1.0,0,0.005074808741126601
1.115,0.0,77.68291156154915,0,100,1.0,0,0.003622011119785098
1.12,0.0,77.62868655855223,0,100,1.0,0,0.002548248684202616
1.125,0.0,77.58924566817144,0,100,1.0,0,0.001767240953889971
1.13,0.0,77.56101028213665,0,100,1.0,0,0.0012081243987455367
1.135,0.0,77.5411131592637,0,100,1.0,0,0.0008141219656178606
1.14,0.0,77.52730993064118,0,100,1.0,0,0.0005407907057659567
1.145,0.0,77.51788225456453,0,100,1.0,0,0.0003541040507826946
1.15,0.0,77.51154212778609,0,100,1.0,0,0.00022855698586309104
1.155,0.0,77.50734364057384,0,100,1.0,0,0.00014541862522448112
1.16,0.0,77.5046057342584,0,100,1.0,0,9.120265858227597e-05
1.165,0.0,77.50284739861534,0,100,1.0,0,5.638413099691746e-05
1.17,0.0,77.5017352401662,0,100,1.0,0,3.436119140986301e-05
1.175,0.0,77.50104239625774,0,100,1.0,0,2.0641510054353e-05
1.18,0.0,77.50061725984372,0,100,1.0,0,1.2222967202410697e-05
1.185,0.0,77.50036030072403,0,100,1.0,0,7.134667802491473e-06
1.19,0.0,77.50020731187256,0,100,1.0,0,4.1051855952004966e-06
1.195,0.0,77.50011758316428,0,100,1.0,0,2.3283794907438456e-06
1.2,0.0,77.50006573974899,0,100,1.0,0,1.3017772077280752e-06
1.205,0.0,77.50003623037833,0,100,1.0,1,7.174332342113456e-07
1.21,0.0,77.50001968247125,0,100,1.0,1,3.8975190589121443e-07
1.215,0.0,77.5000105401869,0,100,1.0,1,2.0871657240361558e-07
1.22,0.001684486749771458,77.50000556389502,0,100,1.0,1,1.1017613892723638e-07
1.225,0.00456624331333666,77.50000289515268,0,100,1.0,1,5.732975595681565e-08
1.23,0.011079731271581421,77.50000148499826,0,100,1.0,1,2.9405906233667265e-08
1.235,0.024064571490409,77.50000075083126,0,100,1.0,1,1.486794578322768e-08
1.24,0.046784906529573234,77.50000037421457,0,100,1.0,1,7.410189408180333e-09
1.245,0.08141644351188804,77.50000018384885,0,100,1.0,1,3.6405713735172804e-09
1.25,0.12682276464025305,77.50000008903548,0,100,1.0,1,1.7630788358411057e-09
1.255,0.1768320708657512,77.50000004250376,0,100,1.0,1,8.416585536330182e-10
1.26,0.22070063230473494,77.50000002000107,0,100,1.0,1,3.9606074195863487e-10
1.265,0.24656126505113576,77.50000000927771,0,100,1.0,1,1.837170855489405e-10
1.27,0.24656126505724016,77.5000000042422,0,100,1.0,1,8.400387975985489e-11
1.275,0.220700632329898,77.50000000191207,0,100,1.0,1,3.786278221644415e-11
1.28,0.17683207093748562,77.50000000084952,0,100,1.0,1,1.6822275146035165e-11
1.285,0.12682276483597799,77.50000000037205,0,100,1.0,1,7.36741360987532e-12
1.29,0.08141644409447898,77.50000000016063,0,100,1.0,1,3.1806988286322427e-12
1.295,0.04678490952598309,77.50000000006835,0,100,1.0,1,1.3535487362400324e-12
1.3,0.024064605020532023,77.50000000002868,0,100,1.0,1,5.678713824807455e-13
1.305,0.011080171739334697,77.50000000001185,0,100,1.0,1,2.346901550985836e-13
1.31,0.004571212771509492,77.50000000000483,0,100,1.0,1,9.567704164690458e-14
1.315,0.0017299316936037438,77.50000000000195,0,100,1.0,1,3.85522197224292e-14
1.32,0.0008899431850697582,77.50000000000077,0,100,1.0,1,1.5195765438037787e-14
1.325,0.002128806368910263,77.5000000000003,0,100,1.0,1,5.909464337014694e-15
1.33,0.009309664818487698,77.50000000000011,0,100,1.0,1,2.2512245093389313e-15
1.335,0.03503263543368747,77.50000000000004,0,100,1.0,1,8.442091910020992e-16
1.34,0.10606267793605692,77.50000000000001,0,100,1.0,1,2.814030636673664e-16
1.345,0.25734927343160535,77.5,0,100,1.0,1,0.0
1.35,0.5003202479539708,77.5,0,100,1.0,1,0.0
1.355,0.7793067891790435,77.5,0,100,1.0,1,0.0
1.36,0.9720477407234077,77.50000295860458,1,100,1.0,1,5.8586229359585414e-08
1.365,0.967267334488097,77.50000607194025,0,100,1.0,1,1.2023644056189188e-07
1.37,0.7505869905515209,77.50001345273148,0,100,1.0,1,2.663907223742883e-07
1.375,0.4028369574773956,77.5000335974731,0,100,1.0,1,6.65296497145121e-07
1.38,0.04553881263121314,77.5000952391376,0,100,1.0,1,1.8859235166978084e-06
1.385,-0.189138810908105,77.50029396174413,0,100,1.0,1,5.821024636320949e-06
1.39,-0.22868072635956738,77.50093256649718,0,100,1.0,1,1.8466663310573943e-05
1.395,-0.14104670682394166,77.5029100232732,0,100,1.0,1,5.762422323172278e-05
1.4,-0.051158381651102834,77.50870714352278,0,100,1.0,1,0.00017241868361948757
1.405,-0.008206426846427752,77.5246562773498,0,100,1.0,1,0.00048824311583773423
1.41,0.005350271385530505,77.56565066778992,0,100,1.0,1,0.0013000132235628605
1.415,0.01084668799215426,77.66383990810884,0,100,1.0,1,0.0032443546160166505
1.42,0.016256859896386415,77.88262038992832,0,100,1.0,1,0.007576641384719209
1.425,0.02345021205790711,78.33545183145863,0,100,1.0,1,0.016543600622943112
1.43,0.0330621597308209,79.20484989603223,0,100,1.0,1,0.03375940388182632
1.435,0.04559141319943196,80.75054676642503,0,100,1.0,1,0.06436726270148578
1.44,0.06149084917446989,83.28992906835192,0,100,1.0,1,0.11465206075944404
1.445,0.08111733445924295,87.13394030962314,0,100,1.0,1,0.19077109524006222
1.45,0.1046628598272375,92.47378991953458,0,100,1.0,1,0.2965106914759323
1.455,0.1320831047748631,99.23955414039685,0,100,1.0,1,0.43048622060191777
1.46,0.16303381314489318,106.98246625036123,0,100,1.0,1,0.5838112128784402
1.465,0.19682662652900276,114.8494723141842,0,100,1.0,1,0.7395935111719643
1.47,0.23241585813229,121.70177762100317,0,100,1.0,1,0.8752827251683797
1.475,0.26842527782774417,126.37413972136399,0,100,1.0,1,0.9678047469577027
1.48,0.30321927900592993,128.0,0,100,1.0,1,1.0
1.485,0.3350163137995362,126.27952255457706,0,100,1.0,1,0.9659311396945952
1.49,0.3620352400956416,121.57753056726469,0,100,1.0,1,0.8728223874705879
1.495,0.3826586036805073,114.80819134861454,0,100,1.0,1,0.7387760663091989
1.5,0.39559233134833227,107.1570555269131,0,100,1.0,1,0.5872684262755069
1.505,0.4,99.75682326894582,0,100,1.0,1,0.44072917364249153
1.51,0.39559233134833227,93.437628290086,0,100,1.0,1,0.3155965998036831
1.515,0.3826586036805073,88.6210265304858,0,100,1.0,1,0.2202183471383328
1.52,0.3620352400956416,85.35521064557099,0,100,1.0,1,0.15554872565487113
1.525,0.3350163137995362,83.43676931776182,0,100,1.0,1,0.11755978847053099
1.53,0.3032192790059296,82.55078966163666,0,100,1.0,1,0.1000156368640922
1.535,0.26842527782774417,82.37990978446584,0,100,1.0,1,0.0966318769201156
1.54,0.23241585813229,82.66385053700031,0,100,1.0,1,0.10225446607921415
1.545,0.19682662652900276,83.21572546574443,0,100,1.0,1,0.11318268248998865
1.55,0.16303381314489318,83.91239791841033,0,100,1.0,1,0.12697817660218486
1.555,0.13208310477486307,84.67546318988141,0,100,1.0,1,0.14208837999765173
1.56,0.10466285982723562,85.45331282711224,0,100,1.0,1,0.1574913431111335
1.565,0.08111733445917907,86.20847512306442,0,100,1.0,1,0.17244505194186965
1.57,0.06149084917398798,86.91043201717129,0,100,1.0,1,0.1863451884588374
1.575,0.04559141333598128,87.53247338289246,0,100,1.0,1,0.19866283926519726
1.58,0.03306217087257399,88.0509704560115,0,100,1.0,1,0.20893010803983164
1.585,0.02345067901074276,88.44584531855038,0,100,1.0,1,0.21674941224852243
1.59,0.016268788896435526,88.70146811501344,0,100,1.0,1,0.22181124980224634
1.595,0.011039026374860051,88.80754517288817,0,100,1.0,1,0.2239117856017459
1.6,0.007326255555493689,88.75976200907462,0,100,1.0,1,0.22296558433811128
1.605,0.0047556414315231815,88.56006114259078,0,100,1.0,1,0.21901111173447094
1.61,0.0030193390635632803,88.21650740561338,0,100,1.0,1,0.2122080674378888
1.615,0.001874953127946523,87.74274663539316,0,100,1.0,1,0.20282666604738933
1.62,0.0011387927410965778,87.15710631316468,0,100,1.0,1,0.19122982798345892
1.625,0.0006765107634274089,86.48142019658886,0,100,1.0,1,0.17784990488294766
1.63,0.00039307957404427924,85.73968176817759,0,100,1.0,1,0.16316201521143742
1.635,0.00022338910511776318,84.95664182706211,0,100,1.0,1,0.14765627380321017
1.64,0.00012417073320013317,84.15646337911748,0,100,1.0,1,0.13181115602212837
1.645,6.750753468904987e-05,83.36153323734182,0,100,1.0,1,0.11606996509587757
1.65,3.5897234866245036e-05,82.59150690834363,0,100,1.0,1,0.10082191897710163
1.655,1.8670050400879738e-05,81.86263483969579,0,100,1.0,1,0.08638880870684726
1.66,9.497421874143672e-06,81.18738775969096,0,100,1.0,1,0.07301757939982106
1.665,4.725434140340885e-06,80.57437030471705,0,100,1.0,1,0.06087861989538713
1.67,2.299606063738814e-06,80.02848839135753,0,100,1.0,1,0.0500690770565847
1.675,1.0945633976635486e-06,79.55131885537037,0,100,1.0,1,0.040620175353868686
1.68,5.095703414287532e-07,79.14162062723075,0,100,1.0,1,0.03250733915308417
1.685,2.3202944964797243e-07,78.79592494440962,0,100,1.0,1,0.025661880087319212
1.69,1.0333746954038608e-07,78.50914673365939,0,100,1.0,1,0.019983103636819648
1.695,4.501406988770349e-08,78.2751686651716,0,100,1.0,1,0.015349874557853577
1.7,0.0,78.08736155817212,0,100,1.0,1,0.01163092194400237
1.705,0.0,77.93901792246764,0,100,1.0,1,0.008693424207280032
1.71,0.0,77.82368785280029,0,100,1.0,1,0.0064096604514908995
1.715,0.0,77.73541708275205,0,100,1.0,1,0.004661724410931694
1.72,0.0,77.66889506741865,0,100,1.0,1,0.0033444567805672436
1.725,0.0,77.61952627338034,0,100,1.0,1,0.0023668568986206853
1.73,0.0,77.583440560487,0,100,1.0,1,0.0016522883264753596
1.735,0.0,77.55745905335685,0,100,1.0,1,0.0011378030367693284
1.74,0.0,77.53903077198105,0,100,1.0,1,0.0007728865738821098
1.745,0.0,77.52615310372167,0,100,1.0,1,0.0005178832420132368
1.75,0.0,77.51728648731061,0,100,1.0,1,0.00034230667941809016
1.755,0.0,77.51127087641395,0,100,1.0,1,0.00022318567156327782
1.76,0.0,77.50724896569103,0,100,1.0,1,0.0001435438750699704
1.765,0.0,77.50459898318086,0,100,1.0,1,9.10689738783267e-05
1.77,0.0,77.50287816056776,0,100,1.0,1,5.699327856952082e-05
1.775,0.0,77.50177678810005,0,100,1.0,1,3.518392277317274e-05
1.78,0.0,77.50108199106754,0,100,1.0,1,2.1425565693793897e-05
1.785,0.0,77.5006499487824,0,100,1.0,1,1.2870272918730328e-05
1.79,0.0,77.50038512526845,0,100,1.0,1,7.626242939628661e-06
1.795,0.0,77.50022510871771,0,100,1.0,1,4.457598370580323e-06
1.8,0.0,77.5001297926306,0,100,1.0,1,2.5701511010358426e-06
1.805,0.0,77.50007382019291,0,100,1.0,1,1.4617859982094934e-06
1.81,0.0,77.50004141596045,0,100,1.0,1,8.201180287752583e-07
1.815,0.0,77.50002292069169,0,100,1.0,1,4.5387508299598373e-07
1.82,0.0,77.50001251281783,0,100,1.0,1,2.477785709414651e-07
1.825,0.0,77.50000673829383,0,100,1.0,1,1.334315610696793e-07
1.83,0.001684486749771458,77.50000357941612,0,100,1.0,1,7.087952705732466e-08
1.835,0.00456624331333666,77.50000187560704,0,100,1.0,1,3.714073347221682e-08
1.84,0.011079731271581421,77.50000096948018,0,100,1.0,1,1.919762739096696e-08
1.845,0.024064571490409,77.5000004943146,0,100,1.0,1,9.788408024718646e-09
1.85,0.046784906529573234,77.5000002486196,0,100,1.0,1,4.923160387610695e-09
1.855,0.08141644351188804,77.50000012334874,0,100,1.0,1,2.442549326714119e-09
1.86,0.12682276464025305,77.50000006036726,0,100,1.0,1,1.1953912095609352e-09
1.865,0.1768320708657512,77.5000000291431,0,100,1.0,1,5.770909910556793e-10
1.87,0.22070063230473494,77.50000001387833,0,100,1.0,1,2.748185133806137e-10
1.875,0.24656126505113576,77.50000000651939,0,100,1.0,1,1.290967508911047e-10
1.88,0.24656126505724016,77.50000000302094,0,100,1.0,1,5.982066327440875e-11
1.885,0.220700632329898,77.50000000138085,0,100,1.0,1,2.7343654293494327e-11
1.89,0.17683207093748562,77.5000000006226,0,100,1.0,1,1.2328831025394658e-11
1.895,0.12682276483597799,77.50000000027693,0,100,1.0,1,5.4837015016859696e-12
1.9,0.08141644409447898,77.50000000012149,0,100,1.0,1,2.4057147912923155e-12
1.905,0.04678490952598309,77.50000000005258,0,100,1.0,1,1.0411913355692557e-12
1.91,0.024064605020532023,77.50000000002245,0,100,1.0,1,4.446168405944389e-13
1.915,0.011080171739334697,77.50000000000945,0,100,1.0,1,1.8713303733879865e-13
1.92,0.004571212771509492,77.50000000000392,0,100,1.0,1,7.766724557219314e-14
1.925,0.0017299316936037438,77.5000000000016,0,100,1.0,1,3.179854619441241e-14
1.93,0.0008899431850697582,77.50000000000065,0,100,1.0,1,1.2944540928698855e-14
1.935,0.002128806368910263,77.50000000000026,0,100,1.0,1,5.065255146012595e-15
1.94,0.009309664818487698,77.5000000000001,0,100,1.0,1,1.969821445671565e-15
1.945,0.03503263543368747,77.50000000000004,0,100,1.0,1,8.442091910020992e-16
1.95,0.10606267793605692,77.50000000000001,0,100,1.0,1,2.814030636673664e-16
1.955,0.25734927343160535,77.5,0,100,1.0,1,0.0
1.96,0.5003202479539708,77.5,0,100,1.0,1,0.0
1.965,0.7793067891790435,77.5,0,100,1.0,1,0.0
1.97,0.9720477407234077,77.50000297262514,1,100,1.0,1,5.8863864154827213e-08
1.975,0.967267334488097,77.50000602692357,0,100,1.0,1,1.193450212231075e-07
1.98,0.7505869905515209,77.50001314884915,0,100,1.0,1,2.603732504761829e-07
1.985,0.4028369574773956,77.50003218277465,0,100,1.0,1,6.372826662597374e-07
1.99,0.04553881263121314,77.5000891336331,0,100,1.0,1,1.7650224375563202e-06
1.995,-0.189138810908105,77.5002690214767,0,100,1.0,1,5.32715795439925e-06
2.0,-0.22868072635956738,77.50083732265789,0,100,1.0,1,1.6580646690828313e-05
2.005,-0.14104670682394166,77.50257317183726,0,100,1.0,1,5.09538977674351e-05
2.01,-0.051158381651102834,77.5076082097914,0,100,1.0,1,0.00015065761963167613
2.015,-0.008206426846427752,77.52135258747315,0,100,1.0,1,0.0004228235143197217
2.02,0.005350271385530505,77.55649700924465,0,100,1.0,1,0.0011187526583099309
2.025,0.01084668799215426,77.64045440057028,0,100,1.0,1,0.0027812752588173757
2.03,0.016256859896386415,77.82751617390053,0,100,1.0,1,0.006485468790109587
2.035,0.02345021205790711,78.21569569973141,0,100,1.0,1,0.014172192073889358
2.04,0.0330621597308209,78.96491975294279,0,100,1.0,1,0.029008311939461205
2.045,0.04559141319943196,80.30785299502509,0,100,1.0,1,0.05560104940643736
2.05,0.06149084917446989,82.53901529227541,0,100,1.0,1,0.0997824810351566
2.055,0.08111733445924295,85.96626012174221,0,100,1.0,1,0.16764871528202394
2.06,0.1046628598272375,90.81658192531896,0,100,1.0,1,0.2636946915904744
2.065,0.1320831047748631,97.10833980159956,0,100,1.0,1,0.38828395646731795
2.07,0.16303381314489318,104.52938760793602,0,100,1.0,1,0.5352353981769508
2.075,0.19682662652900276,112.38094101245923,0,100,1.0,1,0.6907117032170145
2.08,0.23241585813229,119.64223165483207,0,100,1.0,1,0.834499636729348
2.085,0.26842527782774417,125.1719099748606,0,100,1.0,1,0.9439982173239723
2.09,0.30321927900592993,128.0,0,100,1.0,1,1.0
2.095,0.3350163137995362,127.6101393237791,0,100,1.0,1,0.992279986609487
2.1,0.3620352400956416,124.10010403781507,0,100,1.0,1,0.9227743373824767
2.105,0.3826586036805073,118.15277378027952,0,100,1.0,1,0.8050054213916736
2.11,0.39559233134833227,110.8299379581053,0,100,1.0,1,0.6599987714476298
2.115,0.4,103.27489006078626,0,100,1.0,1,0.510393862589827
2.12,0.39559233134833227,96.43814350154825,0,100,1.0,1,0.3750127426049159
2.125,0.3826586036805073,90.9137835998359,0,100,1.0,1,0.26561947722447316
2.13,0.3620352400956416,86.9136909261355,0,100,1.0,1,0.1864097213096139
2.135,0.3350163137995362,84.34894125219122,0,100,1.0,1,0.13562259905329158
2.14,0.3032192790059296,82.95851223358169,0,100,1.0,1,0.10808935116003339
2.145,0.26842527782774417,82.42961246934831,0,100,1.0,1,0.09761608850194681
2.15,0.23241585813229,82.47825904809713,0,100,1.0,1,0.09857938709103227
2.155,0.19682662652900276,82.88510695734854,0,100,1.0,1,0.10663578133363447
2.16,0.16303381314489318,83.49817142324218,0,100,1.0,1,0.11877567174736997
2.165,0.13208310477486307,84.218703403949,0,100,1.0,1,0.1330436317613662
2.17,0.10466285982723562,84.98313005843968,0,100,1.0,1,0.14818079323642938
2.175,0.08111733445917907,85.74806308660983,0,100,1.0,1,0.163327981913066
2.18,0.06149084917398798,86.48049615879853,0,100,1.0,1,0.17783160710492138
2.185,0.04559141333598128,87.1526196872008,0,100,1.0,1,0.19114098390496628
2.19,0.03306217087257399,87.73979816955085,0,100,1.0,1,0.20276828058516538
2.195,0.02345067901074276,88.22034613356011,0,100,1.0,1,0.2122840818526755
2.2,0.016268788896435526,88.57613991279077,0,100,1.0,1,0.2193295032235795
2.205,0.011039026374860051,88.79347868239333,0,100,1.0,1,0.22363324123551145
2.21,0.007326255555493689,88.86386439984123,0,100,1.0,1,0.2250270178186383
2.215,0.0047556414315231815,88.78452238775425,0,100,1.0,1,0.22345588886642082
2.22,0.0030193390635632803,88.55857365850133,0,100,1.0,1,0.21898165660398675
2.225,0.001874953127946523,88.19482866332193,0,100,1.0,1,0.2117787854123154
2.23,0.0011387927410965778,87.70721657209255,0,100,1.0,1,0.2021231004374762
2.235,0.0006765107634274089,87.11390019357708,0,100,1.0,1,0.1903742612589521
2.24,0.00039307957404427924,86.43615452975533,0,100,1.0,1,0.17695355504465995
2.245,0.00022338910511776318,85.6971052748557,0,100,1.0,1,0.16231891633377626
2.25,0.00012417073320013317,84.92043109401514,0,100,1.0,1,0.14693922958445826
2.255,6.750753468904987e-05,84.12913009206147,0,100,1.0,1,0.13126990281309847
2.26,3.5897234866245036e-05,83.3444376315581,0,100,1.0,1,0.11573143824867513
2.265,1.8670050400879738e-05,82.58496182074326,0,100,1.0,1,0.10069231328204475
2.27,9.497421874143672e-06,81.86607755524824,0,100,1.0,1,0.08645698129204434
2.275,4.725434140340885e-06,81.1995932352933,0,100,1.0,1,0.07325927198600607
2.28,2.299606063738814e-06,80.59367928154045,0,100,1.0,1,0.061260975872088036
2.285,1.0945633976635486e-06,80.05302685084085,0,100,1.0,1,0.05055498714536339
2.29,5.095703414287532e-07,79.5791903812813,0,100,1.0,1,0.041172086758045415
2.295,2.3202944964797243e-07,79.17105949996414,0,100,1.0,1,0.03309028712800286
2.3,1.0333746954038608e-07,78.82540422739977,0,100,1.0,1,0.026245628265342033
2.305,4.501406988770349e-08,78.53744138964515,0,100,1.0,1,0.02054339385435946
2.31,0.0,78.30137828670698,0,100,1.0,1,0.01586887696449461
2.315,0.0,78.11090032048983,0,100,1.0,1,0.012097036049303622
2.32,0.0,77.95958084176635,0,100,1.0,1,0.009100610728046602
2.325,0.0,77.84120254425764,0,100,1.0,1,0.006756486024903777
2.33,0.0,77.74998928072644,0,100,1.0,1,0.004950282786662154
2.335,0.0,77.68075457337353,0,100,1.0,1,0.0035792984826442343
2.34,0.0,77.62897810246339,0,100,1.0,1,0.0025540218309582667
2.345,0.0,77.59082417329567,0,100,1.0,1,0.0017984984811024256
2.35,0.0,77.56311690651798,0,100,1.0,1,0.0012498397330292315
2.355,0.0,77.54328612787634,0,100,1.0,1,0.0008571510470562883
2.36,0.0,77.52929615012752,0,100,1.0,1,0.0005801217847033963
2.365,0.0,77.51956731102686,0,100,1.0,1,0.00038747150548240573
2.37,0.0,77.51289764815891,0,100,1.0,1,0.00025539897344380267
2.375,0.0,77.5083897435128,0,100,1.0,1,0.00016613353490680706
2.38,0.0,77.5053857429786,0,100,1.0,1,0.00010664837581393074
2.385,0.0,77.50341193968492,0,100,1.0,1,6.756316207769271e-05
2.39,0.0,77.50213312275217,0,100,1.0,1,4.224005449841435e-05
2.395,0.0,77.50131610073626,0,100,1.0,1,2.606140071804367e-05
2.4,0.0,77.5008013480742,0,100,1.0,1,1.586827869713002e-05
2.405,0.0,77.50048151746557,0,100,1.0,1,9.53499931828185e-06
2.41,0.0,77.5002855365269,0,100,1.0,2,5.654188651540086e-06
2.415,0.0,77.50016709755003,0,100,1.0,2,3.3088623768948633e-06
2.42,0.0,77.50009650221315,0,100,1.0,2,1.910934913937153e-06
2.425,0.0,77.50005500007046,0,100,1.0,2,1.0891103061517737e-06
2.43,0.0,77.50003093484894,0,100,1.0,2,6.125712660728949e-07
2.435,0.0,77.50001717083974,0,100,1.0,2,3.400166285205565e-07
2.44,0.0,77.5000094057591,0,100,1.0,2,1.862526554723805e-07
2.445,0.0,77.50000508457842,0,100,1.0,2,1.0068472116328471e-07
2.45,0.001684486749771458,77.50000271253174,0,100,1.0,2,5.371349977782068e-08
2.455,0.00456624331333666,77.50000142808314,0,100,1.0,2,2.8278874019138535e-08
2.46,0.011079731271581421,77.50000074197783,0,100,1.0,2,1.4692630267547591e-08
2.465,0.024064571490409,77.50000038044087,0,100,1.0,2,7.533482502286362e-09
2.47,0.046784906529573234,77.50000019250507,0,100,1.0,2,3.811981577479792e-09
2.475,0.08141644351188804,77.50000009612934,0,100,1.0,2,1.9035513055809637e-09
2.48,0.12682276464025305,77.50000004737274,0,100,1.0,2,9.38073996918986e-10
2.485,0.1768320708657512,77.5000000230388,0,100,1.0,2,4.562137422512348e-10
2.49,0.22070063230473494,77.50000001105732,0,100,1.0,2,2.1895690980894113e-10
2.495,0.24656126505113576,77.5000000052372,0,100,1.0,2,1.0370687806865288e-10
2.5,0.24656126505724016,77.50000000244798,0,100,1.0,2,4.8474773150404206e-11
2.505,0.220700632329898,77.50000000112921,0,100,1.0,2,2.2360568842072603e-11
2.51,0.17683207093748562,77.50000000051404,0,100,1.0,2,1.0178911618975978e-11
2.515,0.12682276483597799,77.50000000023093,0,100,1.0,2,4.5727997845947045e-12
2.52,0.08141644409447898,77.50000000010237,0,100,1.0,2,2.0272276706597077e-12
2.525,0.04678490952598309,77.50000000004479,0,100,1.0,2,8.869824566795389e-13
2.53,0.024064605020532023,77.50000000001934,0,100,1.0,2,3.829895696512857e-13
2.535,0.011080171739334697,77.50000000000824,0,100,1.0,2,1.632137769270725e-13
2.54,0.004571212771509492,77.50000000000347,0,100,1.0,2,6.86623475348374e-14
2.545,0.0017299316936037438,77.50000000000144,0,100,1.0,2,2.842170943040401e-14
2.55,0.0008899431850697582,77.50000000000058,0,100,1.0,2,1.1537525610362024e-14
2.555,0.002128806368910263,77.50000000000024,0,100,1.0,2,4.783852082345229e-15
2.56,0.009309664818487698,77.5000000000001,0,100,1.0,2,1.969821445671565e-15
2.565,0.03503263543368747,77.50000000000004,0,100,1.0,2,8.442091910020992e-16
2.57,0.10606267793605692,77.50000000000001,0,100,1.0,2,2.814030636673664e-16
2.575,0.25734927343160535,77.5,0,100,1.0,2,0.0
2.58,0.5003202479539708,77.5,0,100,1.0,2,0.0
2.585,0.7793067891790435,77.5,0,100,1.0,2,0.0
2.59,0.9720477407234077,77.50000296326382,1,100,1.0,2,5.8678491575054717e-08
2.595,0.967267334488097,77.50000646040132,0,100,1.0,2,1.2792873907402633e-07
2.6,0.7505869905515209,77.50001547099812,0,100,1.0,2,3.063563984497786e-07
2.605,0.4028369574773956,77.50004279940943,0,100,1.0,2,8.475130579818773e-07
2.61,0.04553881263121314,77.50013615438796,0,100,1.0,2,2.696126494250769e-06
2.615,-0.189138810908105,77.5004680179232,0,100,1.0,2,9.267681647462169e-06
2.62,-0.22868072635956738,77.50162325338142,0,100,1.0,2,3.2143631315339815e-05
2.625,-0.14104670682394166,77.50543270243331,0,100,1.0,2,0.00010757826600614871
2.63,-0.051158381651102834,77.51714463608216,0,100,1.0,2,0.0003394977442012825
2.635,-0.008206426846427752,77.55046328702488,0,100,1.0,2,0.0009992730103937162
2.64,0.005350271385530505,77.63783045420662,0,100,1.0,2,0.0027293159248835993
2.645,0.01084668799215426,77.84848933795,0,100,1.0,2,0.006900778969306918
2.65,0.016256859896386415,78.31469943305066,0,100,1.0,2,0.016132662040607187
2.655,0.02345021205790711,79.25999380935703,0,100,1.0,2,0.034851362561525295
2.66,0.0330621597308209,81.0123394706058,0,100,1.0,2,0.06955127664565931
2.665,0.04559141319943196,83.9741410832035,0,100,1.0,2,0.1282008135287823
2.67,0.06149084917446989,88.52124642173986,0,100,1.0,2,0.21824250340078932
2.675,0.08111733445924295,94.82704898075434,0,100,1.0,2,0.34310988080701665
2.68,0.1046628598272375,102.65707317635096,0,100,1.0,2,0.4981598648782369
2.685,0.1320831047748631,111.23231162140519,0,100,1.0,2,0.6679665667604988
2.69,0.16303381314489318,119.27409135130915,0,100,1.0,2,0.8272097297288941
2.695,0.19682662652900276,125.28499396783039,0,100,1.0,2,0.9462375043134731
2.7,0.23241585813229,128.0,0,100,1.0,2,1.0
2.705,0.26842527782774417,126.82648873543778,0,100,1.0,2,0.9767621531769857
2.71,0.30321927900592993,122.06517425913262,0,100,1.0,2,0.882478698200646
2.715,0.3350163137995362,114.80061140479341,0,100,1.0,2,0.7386259684117508
2.72,0.3620352400956416,106.51681736882965,0,100,1.0,2,0.5745904429471218
2.725,0.3826586036805073,98.62505549251536,0,100,1.0,2,0.41831793054485855
2.73,0.39559233134833227,92.10806239375111,0,100,1.0,2,0.28926856225249725
2.735,0.4,87.39237394672186,0,100,1.0,2,0.1958885930043933
2.74,0.39559233134833227,84.43193578594894,0,100,1.0,2,0.1372660551673057
2.745,0.3826586036805073,82.90176098589056,0,100,1.0,2,0.10696556407704082
2.75,0.3620352400956416,82.39163410258165,0,100,1.0,2,0.09686404163528016
2.755,0.3350163137995362,82.53446670163302,0,100,1.0,2,0.09969240993332718
2.76,0.3032192790059296,83.05830634930675,0,100,1.0,2,0.11006547226349994
2.765,0.26842527782774417,83.78469286323443,0,100,1.0,2,0.12444936362840447
2.77,0.23241585813229,84.60340952404425,0,100,1.0,2,0.14066157473354957
2.775,0.19682662652900276,85.4451180660712,0,100,1.0,2,0.15732907061527135
2.78,0.16303381314489318,86.26145611528875,0,100,1.0,2,0.17349418050076737
2.785,0.13208310477486307,87.01388481565941,0,100,1.0,2,0.1883937587259289
2.79,0.10466285982723562,87.66902938979217,0,100,1.0,2,0.20136691860974598
2.795,0.08111733445917907,88.19777841433479,0,100,1.0,2,0.21183719632346124
2.8,0.06149084917398798,88.57611523626564,0,100,1.0,2,0.21932901457951753
2.805,0.04559141333598128,88.78646487339392,0,100,1.0,2,0.22349435392859257
2.81,0.03306217087257399,88.81890111521152,0,100,1.0,2,0.22413665574676273
2.815,0.02345067901074276,88.67188096074477,0,100,1.0,2,0.22122536555930242
2.82,0.016268788896435526,88.35235527116667,0,100,1.0,2,0.21489812418151827
2.825,0.011039026374860051,87.87522130851018,0,100,1.0,2,0.20544992690119163
2.83,0.007326255555493689,87.2621707098855,0,100,1.0,2,0.1933103110868415
2.835,0.0047556414315231815,86.54005532752586,0,100,1.0,2,0.17901099658467057
2.84,0.0030193390635632803,85.73894191529423,0,100,1.0,2,0.16314736465929175
2.845,0.001874953127946523,84.89005134205526,0,100,1.0,2,0.1463376503377279
2.85,0.0011387927410965778,84.02377737381408,0,100,1.0,2,0.12918371037255613
2.855,0.0006765107634274089,83.16795600607652,0,100,1.0,2,0.11223675259557471
2.86,0.00039307957404427924,82.34651399423815,0,100,1.0,2,0.09597057414332973
2.865,0.00022338910511776318,81.57857200075955,0,100,1.0,2,0.08076380199523861
2.87,0.00012417073320013317,80.87802187700999,0,100,1.0,2,0.06689152231702941
2.875,6.750753468904987e-05,80.2535466853287,0,100,1.0,2,0.05452567693720199
2.88,3.5897234866245036e-05,79.70901208831678,0,100,1.0,2,0.0437428136300353
2.885,1.8670050400879738e-05,79.24413221055799,0,100,1.0,2,0.034537271496197876
2.89,9.497421874143672e-06,78.85530292273832,0,100,1.0,2,0.02683768163838253
2.895,4.725434140340885e-06,78.53649929026788,0,100,1.0,2,0.02052473842114621
2.9,2.299606063738814e-06,78.28014854914866,0,100,1.0,2,0.015448486121755704
2.905,1.0945633976635486e-06,78.0779114022779,0,100,1.0,2,0.011443790144116941
2.91,5.095703414287532e-07,77.92132854472484,0,100,1.0,2,0.008343139499501858
2.915,2.3202944964797243e-07,77.80231254214551,0,100,1.0,2,0.0059863869731785115
2.92,1.0333746954038608e-07,77.71348487388187,0,100,1.0,2,0.004227423245185496
2.925,4.501406988770349e-08,77.64837260275212,0,100,1.0,2,0.002938071341626111
2.93,0.0,77.6014883012127,0,100,1.0,2,0.0020096693309445
2.935,0.0,77.56832095256193,0,100,1.0,2,0.0013528901497412529
2.94,0.0,77.54526551904495,0,100,1.0,2,0.0008963469117811137
2.945,0.0,77.52951594948496,0,100,1.0,2,0.0005844742472269297
2.95,0.0,77.51894181864023,0,100,1.0,2,0.00037508551762830214
2.955,0.0,77.5119636101294,0,100,1.0,2,0.00023690317087919153
2.96,0.0,77.50743666967786,0,100,1.0,2,0.0001472607857001639
2.965,0.0,77.50454957043476,0,100,1.0,2,9.00905036586448e-05
2.97,0.0,77.5027392896498,0,100,1.0,2,5.424335940189606e-05
2.975,0.0,77.50162323419167,0,100,1.0,2,3.214325132018017e-05
2.98,0.0,77.5009466731716,0,100,1.0,2,1.8746003397969653e-05
2.985,0.0,77.50054336870136,0,100,1.0,2,1.0759776264511865e-05
2.99,0.0,77.50030694801582,0,100,1.0,2,6.078178531066838e-06
2.995,0.0,77.50017065173328,0,100,1.0,2,3.379242243265325e-06
3.0,0.0,77.50009337534921,0,100,1.0,2,1.8490168160231333e-06
3.005,0.0,77.50005028395583,0,100,1.0,2,9.957218976118798e-07
3.01,0.0,77.50002665031187,0,100,1.0,2,5.277289478546645e-07
3.015,0.001684486749771458,77.50001390115278,0,100,1.0,2,2.752703521494341e-07
3.02,0.00456624331333666,77.50000713633123,0,100,1.0,2,1.4131348978993953e-07
3.025,0.011079731271581421,77.50000360557758,0,100,1.0,2,7.139757574598005e-08
3.03,0.024064571490409,77.5000017928764,0,100,1.0,2,3.550250304521463e-08
3.035,0.046784906529573234,77.50000087740786,0,100,1.0,2,1.7374413001823202e-08
3.04,0.08141644351188804,77.50000042259889,0,100,1.0,2,8.368294800783417e-09
3.045,0.12682276464025305,77.50000020032302,0,100,1.0,2,3.966792377522694e-09
3.05,0.1768320708657512,77.50000009345639,0,100,1.0,2,1.8506216405296415e-09
3.055,0.22070063230473494,77.50000004291043,0,100,1.0,2,8.497114651059872e-10
3.06,0.24656126505113576,77.50000001939064,0,100,1.0,2,3.839730733588031e-10
3.065,0.24656126505724016,77.50000000862377,0,100,1.0,2,1.707677607681593e-10
3.07,0.220700632329898,77.50000000377466,0,100,1.0,2,7.474571896519853e-11
3.075,0.17683207093748562,77.50000000162605,0,100,1.0,2,3.219898275401107e-11
3.08,0.12682276483597799,77.5000000006894,0,100,1.0,2,1.3651425424631278e-11
3.085,0.08141644409447898,77.50000000028766,0,100,1.0,2,5.696160814754831e-12
3.09,0.04678490952598309,77.50000000011813,0,100,1.0,2,2.339303668266817e-12
3.095,0.024064605020532023,77.50000000004775,0,100,1.0,2,9.455142939223512e-13
3.1,0.011080171739334697,77.50000000001899,0,100,1.0,2,3.759544930596015e-13
3.105,0.004571212771509492,77.50000000000743,0,100,1.0,2,1.4717380229803264e-13
3.11,0.0017299316936037438,77.50000000000287,0,100,1.0,2,5.684341886080802e-14
3.115,0.0008899431850697582,77.50000000000108,0,100,1.0,2,2.1386632838719847e-14
3.12,0.002128806368910263,77.5000000000004,0,100,1.0,2,7.87928578268626e-15
3.125,0.009309664818487698,77.50000000000014,0,100,1.0,2,2.8140306366736642e-15
3.13,0.03503263543368747,77.50000000000006,0,100,1.0,2,1.1256122546694657e-15
3.135,0.10606267793605692,77.50000000000001,0,100,1.0,2,2.814030636673664e-16
3.14,0.25734927343160535,77.5,0,100,1.0,2,0.0
3.145,0.5003202479539708,77.5,0,100,1.0,2,0.0
3.15,0.7793067891790435,77.5,0,100,1.0,2,0.0
3.155,0.9720477407234077,77.50000295860458,1,100,1.0,2,5.8586229359585414e-08
3.16,0.967267334488097,77.50000607194025,0,100,1.0,2,1.2023644056189188e-07
3.165,0.7505869905515209,77.50001345273148,0,100,1.0,2,2.663907223742883e-07
3.17,0.4028369574773956,77.5000335974731,0,100,1.0,2,6.65296497145121e-07
3.175,0.04553881263121314,77.5000952391376,0,100,1.0,2,1.8859235166978084e-06
3.18,-0.189138810908105,77.50029396174413,0,100,1.0,2,5.821024636320949e-06
3.185,-0.22868072635956738,77.50093256649718,0,100,1.0,2,1.8466663310573943e-05
3.19,-0.14104670682394166,77.5029100232732,0,100,1.0,2,5.762422323172278e-05
3.195,-0.051158381651102834,77.50870714352278,0,100,1.0,2,0.00017241868361948757
3.2,-0.008206426846427752,77.5246562773498,0,100,1.0,2,0.00048824311583773423
3.205,0.005350271385530505,77.56565066778992,0,100,1.0,2,0.0013000132235628605
3.21,0.01084668799215426,77.66383990810884,0,100,1.0,2,0.0032443546160166505
3.215,0.016256859896386415,77.88262038992832,0,100,1.0,2,0.007576641384719209
3.22,0.02345021205790711,78.33545183145863,0,100,1.0,2,0.016543600622943112
3.225,0.0330621597308209,79.20484989603223,0,100,1.0,2,0.03375940388182632
3.23,0.04559141319943196,80.75054676642503,0,100,1.0,2,0.06436726270148578
3.235,0.06149084917446989,83.28992906835192,0,100,1.0,2,0.11465206075944404
3.24,0.08111733445924295,87.13394030962314,0,100,1.0,2,0.19077109524006222
3.245,0.1046628598272375,92.47378991953458,0,100,1.0,2,0.2965106914759323
3.25,0.1320831047748631,99.23955414039685,0,100,1.0,2,0.43048622060191777
3.255,0.16303381314489318,106.98246625036123,0,100,1.0,2,0.5838112128784402
3.26,0.19682662652900276,114.8494723141842,0,100,1.0,2,0.7395935111719643
3.265,0.23241585813229,121.70177762100317,0,100,1.0,2,0.8752827251683797
3.27,0.26842527782774417,126.37413972136399,0,100,1.0,2,0.9678047469577027
3.275,0.30321927900592993,128.0,0,100,1.0,2,1.0
3.28,0.3350163137995362,126.27952255457706,0,100,1.0,2,0.9659311396945952
3.285,0.3620352400956416,121.57753056726469,0,100,1.0,2,0.8728223874705879
3.29,0.3826586036805073,114.80819134861454,0,100,1.0,2,0.7387760663091989
3.295,0.39559233134833227,107.1570555269131,0,100,1.0,2,0.5872684262755069
3.3,0.4,99.75682326894582,0,100,1.0,2,0.44072917364249153
3.305,0.39559233134833227,93.437628290086,0,100,1.0,2,0.3155965998036831
3.31,0.3826586036805073,88.6210265304858,0,100,1.0,2,0.2202183471383328
3.315,0.3620352400956416,85.35521064557099,0,100,1.0,2,0.15554872565487113
3.32,0.3350163137995362,83.43676931776182,0,100,1.0,2,0.11755978847053099
3.325,0.3032192790059296,82.55078966163666,0,100,1.0,2,0.1000156368640922
3.33,0.26842527782774417,82.37990978446584,0,100,1.0,2,0.0966318769201156
3.335,0.23241585813229,82.66385053700031,0,100,1.0,2,0.10225446607921415
3.34,0.19682662652900276,83.21572546574443,0,100,1.0,2,0.11318268248998865
3.345,0.16303381314489318,83.91239791841033,0,100,1.0,2,0.12697817660218486
3.35,0.13208310477486307,84.67546318988141,0,100,1.0,2,0.14208837999765173
3.355,0.10466285982723562,85.45331282711224,0,100,1.0,2,0.1574913431111335
3.36,0.08111733445917907,86.20847512306442,0,100,1.0,2,0.17244505194186965
3.365,0.06149084917398798,86.91043201717129,0,100,1.0,2,0.1863451884588374
3.37,0.04559141333598128,87.53247338289246,0,100,1.0,2,0.19866283926519726
3.375,0.03306217087257399,88.0509704560115,0,100,1.0,2,0.20893010803983164
3.38,0.02345067901074276,88.44584531855038,0,100,1.0,2,0.21674941224852243
3.385,0.016268788896435526,88.70146811501344,0,100,1.0,2,0.22181124980224634
3.39,0.011039026374860051,88.80754517288817,0,100,1.0,2,0.2239117856017459
3.395,0.007326255555493689,88.75976200907462,0,100,1.0,2,0.22296558433811128
3.4,0.0047556414315231815,88.56006114259078,0,100,1.0,2,0.21901111173447094
3.405,0.0030193390635632803,88.21650740561338,0,100,1.0,2,0.2122080674378888
3.41,0.001874953127946523,87.74274663539316,0,100,1.0,2,0.20282666604738933
3.415,0.0011387927410965778,87.15710631316468,0,100,1.0,2,0.19122982798345892
3.42,0.0006765107634274089,86.48142019658886,0,100,1.0,2,0.17784990488294766
3.425,0.00039307957404427924,85.73968176817759,0,100,1.0,2,0.16316201521143742
3.43,0.00022338910511776318,84.95664182706211,0,100,1.0,2,0.14765627380321017
3.435,0.00012417073320013317,84.15646337911748,0,100,1.0,2,0.13181115602212837
3.44,6.750753468904987e-05,83.36153323734182,0,100,1.0,2,0.11606996509587757
3.445,3.5897234866245036e-05,82.59150690834363,0,100,1.0,2,0.10082191897710163
3.45,1.8670050400879738e-05,81.86263483969579,0,100,1.0,2,0.08638880870684726
3.455,9.497421874143672e-06,81.18738775969096,0,100,1.0,2,0.07301757939982106
3.46,4.725434140340885e-06,80.57437030471705,0,100,1.0,2,0.06087861989538713
3.465,2.299606063738814e-06,80.02848839135753,0,100,1.0,2,0.0500690770565847
3.47,1.0945633976635486e-06,79.55131885537037,0,100,1.0,2,0.040620175353868686
3.475,5.095703414287532e-07,79.14162062723075,0,100,1.0,2,0.03250733915308417
3.48,2.3202944964797243e-07,78.79592494440962,0,100,1.0,2,0.025661880087319212
3.485,1.0333746954038608e-07,78.50914673365939,0,100,1.0,2,0.019983103636819648
3.49,4.501406988770349e-08,78.2751686651716,0,100,1.0,2,0.015349874557853577
3.495,0.0,78.08736155817212,0,100,1.0,2,0.01163092194400237
3.5,0.0,77.93901792246764,0,100,1.0,2,0.008693424207280032
3.505,0.0,77.82368785280029,0,100,1.0,2,0.0064096604514908995
3.51,0.0,77.73541708275205,0,100,1.0,2,0.004661724410931694
3.515,0.0,77.66889506741865,0,100,1.0,2,0.0033444567805672436
3.52,0.0,77.61952627338034,0,100,1.0,2,0.0023668568986206853
3.525,0.0,77.583440560487,0,100,1.0,2,0.0016522883264753596
3.53,0.0,77.55745905335685,0,100,1.0,2,0.0011378030367693284
3.535,0.0,77.53903077198105,0,100,1.0,2,0.0007728865738821098
3.54,0.0,77.52615310372167,0,100,1.0,2,0.0005178832420132368
3.545,0.0,77.51728648731061,0,100,1.0,2,0.00034230667941809016
3.55,0.0,77.51127087641395,0,100,1.0,2,0.00022318567156327782
3.555,0.0,77.50724896569103,0,100,1.0,2,0.0001435438750699704
3.56,0.0,77.50459898318086,0,100,1.0,2,9.10689738783267e-05
3.565,0.0,77.50287816056776,0,100,1.0,2,5.699327856952082e-05
3.57,0.0,77.50177678810005,0,100,1.0,2,3.518392277317274e-05
3.575,0.0,77.50108199106754,0,100,1.0,2,2.1425565693793897e-05
3.58,0.0,77.5006499487824,0,100,1.0,2,1.2870272918730328e-05
3.585,0.0,77.50038512526845,0,100,1.0,2,7.626242939628661e-06
3.59,0.0,77.50022510871771,0,100,1.0,2,4.457598370580323e-06
3.595,0.0,77.5001297926306,0,100,1.0,2,2.5701511010358426e-06
3.6,0.0,77.50007382019291,0,100,1.0,2,1.4617859982094934e-06
3.605,0.0,77.50004141596045,0,100,1.0,2,8.201180287752583e-07
3.61,0.0,77.50002292069169,0,100,1.0,2,4.5387508299598373e-07
3.615,0.0,77.50001251281783,0,100,1.0,3,2.477785709414651e-07
3.62,0.0,77.50000673829383,0,100,1.0,3,1.334315610696793e-07
3.625,0.001684486749771458,77.50000357941612,0,100,1.0,3,7.087952705732466e-08
3.63,0.00456624331333666,77.50000187560704,0,100,1.0,3,3.714073347221682e-08
3.635,0.011079731271581421,77.50000096948018,0,100,1.0,3,1.919762739096696e-08
3.64,0.024064571490409,77.5000004943146,0,100,1.0,3,9.788408024718646e-09
3.645,0.046784906529573234,77.5000002486196,0,100,1.0,3,4.923160387610695e-09
3.65,0.08141644351188804,77.50000012334874,0,100,1.0,3,2.442549326714119e-09
3.655,0.12682276464025305,77.50000006036726,0,100,1.0,3,1.1953912095609352e-09
3.66,0.1768320708657512,77.5000000291431,0,100,1.0,3,5.770909910556793e-10
3.665,0.22070063230473494,77.50000001387833,0,100,1.0,3,2.748185133806137e-10
3.67,0.24656126505113576,77.50000000651939,0,100,1.0,3,1.290967508911047e-10
3.675,0.24656126505724016,77.50000000302094,0,100,1.0,3,5.982066327440875e-11
3.68,0.220700632329898,77.50000000138085,0,100,1.0,3,2.7343654293494327e-11
3.685,0.17683207093748562,77.5000000006226,0,100,1.0,3,1.2328831025394658e-11
3.69,0.12682276483597799,77.50000000027693,0,100,1.0,3,5.4837015016859696e-12
3.695,0.08141644409447898,77.50000000012149,0,100,1.0,3,2.4057147912923155e-12
3.7,0.04678490952598309,77.50000000005258,0,100,1.0,3,1.0411913355692557e-12
3.705,0.024064605020532023,77.50000000002245,0,100,1.0,3,4.446168405944389e-13
3.71,0.011080171739334697,77.50000000000945,0,100,1.0,3,1.8713303733879865e-13
3.715,0.004571212771509492,77.50000000000392,0,100,1.0,3,7.766724557219314e-14
3.72,0.0017299316936037438,77.5000000000016,0,100,1.0,3,3.179854619441241e-14
3.725,0.0008899431850697582,77.50000000000065,0,100,1.0,3,1.2944540928698855e-14
3.73,0.002128806368910263,77.50000000000026,0,100,1.0,3,5.065255146012595e-15
3.735,0.009309664818487698,77.5000000000001,0,100,1.0,3,1.969821445671565e-15
3.74,0.03503263543368747,77.50000000000004,0,100,1.0,3,8.442091910020992e-16
3.745,0.10606267793605692,77.50000000000001,0,100,1.0,3,2.814030636673664e-16
3.75,0.25734927343160535,77.5,0,100,1.0,3,0.0
3.755,0.5003202479539708,77.5,0,100,1.0,3,0.0
3.76,0.7793067891790435,77.5,0,100,1.0,3,0.0
3.765,0.9720477407234077,77.5000029632167,1,100,1.0,3,5.867755844249559e-08
3.77,0.967267334488097,77.50000632443192,0,100,1.0,3,1.252362756864692e-07
3.775,0.7505869905515209,77.50001473324576,0,100,1.0,3,2.917474408505849e-07
3.78,0.4028369574773956,77.50003930345265,0,100,1.0,3,7.782861911378535e-07
3.785,0.04553881263121314,77.50012007178523,0,100,1.0,3,2.37765911352014e-06
3.79,-0.189138810908105,77.50039768906025,0,100,1.0,3,7.875030896043021e-06
3.795,-0.22868072635956738,77.50133813309903,0,100,1.0,3,2.6497685129220596e-05
3.8,-0.14104670682394166,77.50437429970992,0,100,1.0,3,8.661979623609861e-05
3.805,-0.051158381651102834,77.51356283545961,0,100,1.0,3,0.0002685709992001851
3.81,-0.008206426846427752,77.539423280672,0,100,1.0,3,0.0007806590232078606
3.815,0.005350271385530505,77.60683292766095,0,100,1.0,3,0.0021155035180385365
3.82,0.01084668799215426,77.7691843879838,0,100,1.0,3,0.005330383920471266
3.825,0.016256859896386415,78.1298195737859,0,100,1.0,3,0.012471674728433559
3.83,0.02345021205790711,78.8674564682652,0,100,1.0,3,0.027078345906241648
3.835,0.0330621597308209,80.25416185836706,0,100,1.0,3,0.05453785858152585
3.84,0.04559141319943196,82.64472323642266,0,100,1.0,3,0.10187570765193393
3.845,0.06149084917446989,86.41224109374863,0,100,1.0,3,0.17648002165838877
3.85,0.08111733445924295,91.81665598492147,0,100,1.0,3,0.2834981383152766
3.855,0.1046628598272375,98.826395638257,0,100,1.0,3,0.42230486412390095
3.86,0.1320831047748631,106.95895384922622,0,100,1.0,3,0.5833456207767568
3.865,0.16303381314489318,115.23602411394728,0,100,1.0,3,0.7472480022563818
3.87,0.19682662652900276,122.32971667135199,0,100,1.0,3,0.8877171618089502
3.875,0.23241585813229,126.89775582948093,0,100,1.0,3,0.9781733827619986
3.88,0.26842527782774417,128.0,0,100,1.0,3,1.0
3.885,0.30321927900592993,125.42125272540896,0,100,1.0,3,0.9489356975328508
3.89,0.3350163137995362,119.74965133212939,0,100,1.0,3,0.8366267590520671
3.895,0.3620352400956416,112.17257946470455,0,100,1.0,3,0.6865857319743476
3.9,0.3826586036805073,104.08785511981466,0,100,1.0,3,0.5264921805903894
3.905,0.39559233134833227,96.70488803956961,0,100,1.0,3,0.38029481266474474
3.91,0.4,90.78889417401182,0,100,1.0,3,0.2631464192873627
3.915,0.39559233134833227,86.60772759605685,0,100,1.0,3,0.18035104150607617
3.92,0.3826586036805073,84.04089578195409,0,100,1.0,3,0.12952268875156617
3.925,0.3620352400956416,82.75786879881116,0,100,1.0,3,0.10411621383784475
3.93,0.3350163137995362,82.37959366821764,0,100,1.0,3,0.09662561719242846
3.935,0.3032192790059296,82.57856812118584,0,100,1.0,3,0.1005657053700166
3.94,0.26842527782774417,83.11531036543767,0,100,1.0,3,0.11119426466213198
3.945,0.23241585813229,83.83263983129649,0,100,1.0,3,0.12539880854052454
3.95,0.19682662652900276,84.63250912217958,0,100,1.0,3,0.14123780439959574
3.955,0.16303381314489318,85.45226040314074,0,100,1.0,3,0.1574705030324899
3.96,0.13208310477486307,86.2475629773933,0,100,1.0,3,0.1732190688592733
3.965,0.10466285982723562,86.98281595132833,0,100,1.0,3,0.18777853368966999
3.97,0.08111733445917907,87.62707318852279,0,100,1.0,3,0.20053610274302547
3.975,0.06149084917398798,88.15320332098976,0,100,1.0,3,0.21095452120771804
3.98,0.04559141333598128,88.5385782151131,0,100,1.0,3,0.21858570722996248
3.985,0.03306217087257399,88.76624892522591,0,100,1.0,3,0.22309403812328532
3.99,0.02345067901074276,88.82603771663241,0,100,1.0,3,0.22427797458678045
3.995,0.016268788896435526,88.71524935893723,0,100,1.0,3,0.22208414572152926
4.0,0.011039026374860051,88.43886075670979,0,100,1.0,3,0.2166111040932631
4.005,0.007326255555493689,88.00914720955005,0,100,1.0,3,0.20810192494158516
4.01,0.0047556414315231815,87.44477763798974,0,100,1.0,3,0.19692628986118307
4.015,0.0030193390635632803,86.76946988444872,0,100,1.0,3,0.18355385909799454
4.02,0.001874953127946523,86.0103405328122,0,100,1.0,3,0.16852159470915234
4.025,0.0011387927410965778,85.1961087935566,0,100,1.0,3,0.15239819393181395
4.03,0.0006765107634274089,84.35531914558466,0,100,1.0,3,0.13574889397197343
4.035,0.00039307957404427924,83.51473332893123,0,100,1.0,3,0.11910363027586592
4.04,0.00022338910511776318,82.69801221580293,0,100,1.0,3,0.10293093496639472
4.045,0.00012417073320013317,81.92476728085217,0,100,1.0,3,0.08761915407628051
4.05,6.750753468904987e-05,81.2100160794701,0,100,1.0,3,0.07346566494000187
4.055,3.5897234866245036e-05,80.56403251225963,0,100,1.0,3,0.06067391113385405
4.06,1.8670050400879738e-05,79.99254590939884,0,100,1.0,3,0.04935734474057114
4.065,9.497421874143672e-06,79.49721667177356,0,100,1.0,3,0.039548844985615
4.07,4.725434140340885e-06,79.07630197143015,0,100,1.0,3,0.031213900424359505
4.075,2.299606063738814e-06,78.72542256815419,0,100,1.0,3,0.024265793428795777
4.08,1.0945633976635486e-06,78.43834933264405,0,100,1.0,3,0.018581174903842604
4.085,5.095703414287532e-07,78.20774277436361,0,100,1.0,3,0.01401470840323979
4.09,2.3202944964797243e-07,78.02579755035103,0,100,1.0,3,0.010411832680218405
4.095,1.0333746954038608e-07,77.88476352268945,0,100,1.0,3,0.007619079657216909
4.1,4.501406988770349e-08,77.77733293361308,0,100,1.0,3,0.005491741259664978
4.105,0.0,77.69689796089891,0,100,1.0,3,0.0038989695227506687
4.11,0.0,77.63769342762592,0,100,1.0,3,0.0027266025272459243
4.115,0.0,77.59484565128201,0,100,1.0,3,0.0018781317085547404
4.12,0.0,77.56435078582085,0,100,1.0,3,0.0012742729865514734
4.125,0.0,77.54300535190977,0,100,1.0,3,0.0008515911269261333
4.13,0.0,77.52830892491497,0,100,1.0,3,0.0005605727705934027
4.135,0.0,77.5183550878223,0,100,1.0,3,0.0003634670855901034
4.14,0.0,77.51172254143796,0,100,1.0,3,0.0002321295334249863
4.145,0.0,77.50737427460564,0,100,1.0,3,0.00014602523971560832
4.15,0.0,77.50456929349846,0,100,1.0,3,9.04810593755032e-05
4.155,0.0,77.5027887592473,0,100,1.0,3,5.522295539198113e-05
4.16,0.0,77.50167650638357,0,100,1.0,3,3.319814620940318e-05
4.165,0.0,77.50099273108047,0,100,1.0,3,1.9658041197479378e-05
4.17,0.0,77.50057901557518,0,100,1.0,3,1.1465654954136962e-05
4.175,0.0,77.50033264507117,0,100,1.0,3,6.587031112242738e-06
4.18,0.0,77.50018823663869,0,100,1.0,3,3.727458191926218e-06
4.185,0.0,77.50010492028098,0,100,1.0,3,2.0776293262437016e-06
4.19,0.0,77.50005760324511,0,100,1.0,3,1.1406583190242906e-06
4.195,0.0,77.50003115061858,0,100,1.0,3,6.168439323245015e-07
4.2,0.0,77.50001659275955,0,100,1.0,3,3.285694960465149e-07
4.205,0.001684486749771458,77.5000087056817,0,100,1.0,3,1.7238973650999488e-07
4.21,0.00456624331333666,77.50000449903288,0,100,1.0,3,8.908976006201592e-08
4.215,0.011079731271581421,77.50000229017026,0,100,1.0,3,4.5349906096618887e-08
4.22,0.024064571490409,77.5000011482821,0,100,1.0,3,2.2738259310631967e-08
4.225,0.046784906529573234,77.50000056710259,0,100,1.0,3,1.1229754235419834e-08
4.23,0.08141644351188804,77.50000027587154,0,100,1.0,3,5.4628028217596484e-09
4.235,0.12682276464025305,77.50000013218568,0,100,1.0,3,2.617538133437289e-09
4.24,0.1768320708657512,77.500000062387,0,100,1.0,3,1.235386182790787e-09
4.245,0.22070063230473494,77.50000002900254,0,100,1.0,3,5.743076333529454e-10
4.25,0.24656126505113576,77.50000001328037,0,100,1.0,3,2.629776352676183e-10
4.255,0.24656126505724016,77.50000000598986,0,100,1.0,3,1.1861110993273127e-10
4.26,0.220700632329898,77.50000000266107,0,100,1.0,3,5.2694412090096365e-11
4.265,0.17683207093748562,77.50000000116447,0,100,1.0,3,2.3058729843031337e-11
4.27,0.12682276483597799,77.50000000050191,0,100,1.0,3,9.938874805667714e-12
4.275,0.08141644409447898,77.50000000021309,0,100,1.0,3,4.219638939692159e-12
4.28,0.04678490952598309,77.50000000008912,0,100,1.0,3,1.7646786122580548e-12
4.285,0.024064605020532023,77.5000000000367,0,100,1.0,3,7.268641134528074e-13
4.29,0.011080171739334697,77.5000000000149,0,100,1.0,3,2.949104107234e-13
4.295,0.004571212771509492,77.50000000000595,0,100,1.0,3,1.1790788367662653e-13
4.3,0.0017299316936037438,77.50000000000234,0,100,1.0,3,4.6431505505115455e-14
4.305,0.0008899431850697582,77.50000000000091,0,100,1.0,3,1.800979607471145e-14
4.31,0.002128806368910263,77.50000000000034,0,100,1.0,3,6.7536735280167935e-15
4.315,0.009309664818487698,77.50000000000013,0,100,1.0,3,2.5326275730062976e-15
4.32,0.03503263543368747,77.50000000000004,0,100,1.0,3,8.442091910020992e-16
4.325,0.10606267793605692,77.50000000000001,0,100,1.0,3,2.814030636673664e-16
4.33,0.25734927343160535,77.5,0,100,1.0,3,0.0
4.335,0.5003202479539708,77.5,0,100,1.0,3,0.0
4.34,0.7793067891790435,77.5,0,100,1.0,3,0.0
4.345,0.9720477407234077,77.50000296326382,1,100,1.0,3,5.8678491575054717e-08
4.35,0.967267334488097,77.50000646040132,0,100,1.0,3,1.2792873907402633e-07
4.355,0.7505869905515209,77.50001547099812,0,100,1.0,3,3.063563984497786e-07
4.36,0.4028369574773956,77.50004279940943,0,100,1.0,3,8.475130579818773e-07
4.365,0.04553881263121314,77.50013615438796,0,100,1.0,3,2.696126494250769e-06
4.37,-0.189138810908105,77.5004680179232,0,100,1.0,3,9.267681647462169e-06
4.375,-0.22868072635956738,77.50162325338142,0,100,1.0,3,3.2143631315339815e-05
4.38,-0.14104670682394166,77.50543270243331,0,100,1.0,3,0.00010757826600614871
4.385,-0.051158381651102834,77.51714463608216,0,100,1.0,3,0.0003394977442012825
4.39,-0.008206426846427752,77.55046328702488,0,100,1.0,3,0.0009992730103937162
4.395,0.005350271385530505,77.63783045420662,0,100,1.0,3,0.0027293159248835993
4.4,0.01084668799215426,77.84848933795,0,100,1.0,3,0.006900778969306918
4.405,0.016256859896386415,78.31469943305066,0,100,1.0,3,0.016132662040607187
4.41,0.02345021205790711,79.25999380935703,0,100,1.0,3,0.034851362561525295
4.415,0.0330621597308209,81.0123394706058,0,100,1.0,3,0.06955127664565931
4.42,0.04559141319943196,83.9741410832035,0,100,1.0,3,0.1282008135287823
4.425,0.06149084917446989,88.52124642173986,0,100,1.0,3,0.21824250340078932
4.43,0.08111733445924295,94.82704898075434,0,100,1.0,3,0.34310988080701665
4.435,0.1046628598272375,102.65707317635096,0,100,1.0,3,0.4981598648782369
4.44,0.1320831047748631,111.23231162140519,0,100,1.0,3,0.6679665667604988
4.445,0.16303381314489318,119.27409135130915,0,100,1.0,3,0.8272097297288941
4.45,0.19682662652900276,125.28499396783039,0,100,1.0,3,0.9462375043134731
4.455,0.23241585813229,128.0,0,100,1.0,3,1.0
4.46,0.26842527782774417,126.82648873543778,0,100,1.0,3,0.9767621531769857
4.465,0.30321927900592993,122.06517425913262,0,100,1.0,3,0.882478698200646
4.47,0.3350163137995362,114.80061140479341,0,100,1.0,3,0.7386259684117508
4.475,0.3620352400956416,106.51681736882965,0,100,1.0,3,0.5745904429471218
4.48,0.3826586036805073,98.62505549251536,0,100,1.0,3,0.41831793054485855
4.485,0.39559233134833227,92.10806239375111,0,100,1.0,3,0.28926856225249725
4.49,0.4,87.39237394672186,0,100,1.0,3,0.1958885930043933
4.495,0.39559233134833227,84.43193578594894,0,100,1.0,3,0.1372660551673057
4.5,0.3826586036805073,82.90176098589056,0,100,1.0,3,0.10696556407704082
4.505,0.3620352400956416,82.39163410258165,0,100,1.0,3,0.09686404163528016
4.51,0.3350163137995362,82.53446670163302,0,100,1.0,3,0.09969240993332718
4.515,0.3032192790059296,83.05830634930675,0,100,1.0,3,0.11006547226349994
4.52,0.26842527782774417,83.78469286323443,0,100,1.0,3,0.12444936362840447
4.525,0.23241585813229,84.60340952404425,0,100,1.0,3,0.14066157473354957
4.53,0.19682662652900276,85.4451180660712,0,100,1.0,3,0.15732907061527135
4.535,0.16303381314489318,86.26145611528875,0,100,1.0,3,0.17349418050076737
4.54,0.13208310477486307,87.01388481565941,0,100,1.0,3,0.1883937587259289
4.545,0.10466285982723562,87.66902938979217,0,100,1.0,3,0.20136691860974598
4.55,0.08111733445917907,88.19777841433479,0,100,1.0,3,0.21183719632346124
4.555,0.06149084917398798,88.57611523626564,0,100,1.0,3,0.21932901457951753
4.56,0.04559141333598128,88.78646487339392,0,100,1.0,3,0.22349435392859257
4.565,0.03306217087257399,88.81890111521152,0,100,1.0,3,0.22413665574676273
4.57,0.02345067901074276,88.67188096074477,0,100,1.0,3,0.22122536555930242
4.575,0.016268788896435526,88.35235527116667,0,100,1.0,3,0.21489812418151827
4.58,0.011039026374860051,87.87522130851018,0,100,1.0,3,0.20544992690119163
4.585,0.007326255555493689,87.2621707098855,0,100,1.0,3,0.1933103110868415
4.59,0.0047556414315231815,86.54005532752586,0,100,1.0,3,0.17901099658467057
4.595,0.0030193390635632803,85.73894191529423,0,100,1.0,3,0.16314736465929175
4.6,0.001874953127946523,84.89005134205526,0,100,1.0,3,0.1463376503377279
4.605,0.0011387927410965778,84.02377737381408,0,100,1.0,3,0.12918371037255613
4.61,0.0006765107634274089,83.16795600607652,0,100,1.0,3,0.11223675259557471
4.615,0.00039307957404427924,82.34651399423815,0,100,1.0,3,0.09597057414332973
4.62,0.00022338910511776318,81.57857200075955,0,100,1.0,3,0.08076380199523861
4.625,0.00012417073320013317,80.87802187700999,0,100,1.0,3,0.06689152231702941
4.63,6.750753468904987e-05,80.2535466853287,0,100,1.0,3,0.05452567693720199
4.635,3.5897234866245036e-05,79.70901208831678,0,100,1.0,3,0.0437428136300353
4.64,1.8670050400879738e-05,79.24413221055799,0,100,1.0,3,0.034537271496197876
4.645,9.497421874143672e-06,78.85530292273832,0,100,1.0,3,0.02683768163838253
4.65,4.725434140340885e-06,78.53649929026788,0,100,1.0,3,0.02052473842114621
4.655,2.299606063738814e-06,78.28014854914866,0,100,1.0,3,0.015448486121755704
4.66,1.0945633976635486e-06,78.0779114022779,0,100,1.0,3,0.011443790144116941
4.665,5.095703414287532e-07,77.92132854472484,0,100,1.0,3,0.008343139499501858
4.67,2.3202944964797243e-07,77.80231254214551,0,100,1.0,3,0.0059863869731785115
4.675,1.0333746954038608e-07,77.71348487388187,0,100,1.0,3,0.004227423245185496
4.68,4.501406988770349e-08,77.64837260275212,0,100,1.0,3,0.002938071341626111
4.685,0.0,77.6014883012127,0,100,1.0,3,0.0020096693309445
4.69,0.0,77.56832095256193,0,100,1.0,3,0.0013528901497412529
4.695,0.0,77.54526551904495,0,100,1.0,3,0.0008963469117811137
4.7,0.0,77.52951594948496,0,100,1.0,3,0.0005844742472269297
4.705,0.0,77.51894181864023,0,100,1.0,3,0.00037508551762830214
4.71,0.0,77.5119636101294,0,100,1.0,3,0.00023690317087919153
4.715,0.0,77.50743666967786,0,100,1.0,3,0.0001472607857001639
4.72,0.0,77.50454957043476,0,100,1.0,3,9.00905036586448e-05
4.725,0.0,77.5027392896498,0,100,1.0,3,5.424335940189606e-05
4.73,0.0,77.50162323419167,0,100,1.0,3,3.214325132018017e-05
4.735,0.0,77.5009466731716,0,100,1.0,3,1.8746003397969653e-05
4.74,0.0,77.50054336870136,0,100,1.0,3,1.0759776264511865e-05
4.745,0.0,77.50030694801582,0,100,1.0,3,6.078178531066838e-06
4.75,0.0,77.50017065173328,0,100,1.0,3,3.379242243265325e-06
4.755,0.0,77.50009337534921,0,100,1.0,3,1.8490168160231333e-06
4.76,0.0,77.50005028395583,0,100,1.0,3,9.957218976118798e-07
4.765,0.0,77.50002665031187,0,100,1.0,3,5.277289478546645e-07
4.77,0.001684486749771458,77.50001390115278,0,100,1.0,3,2.752703521494341e-07
4.775,0.00456624331333666,77.50000713633123,0,100,1.0,3,1.4131348978993953e-07
4.78,0.011079731271581421,77.50000360557758,0,100,1.0,3,7.139757574598005e-08
4.785,0.024064571490409,77.5000017928764,0,100,1.0,3,3.550250304521463e-08
4.79,0.046784906529573234,77.50000087740786,0,100,1.0,3,1.7374413001823202e-08
4.795,0.08141644351188804,77.50000042259889,0,100,1.0,3,8.368294800783417e-09
4.8,0.12682276464025305,77.50000020032302,0,100,1.0,3,3.966792377522694e-09
4.805,0.1768320708657512,77.50000009345639,0,100,1.0,3,1.8506216405296415e-09
4.81,0.22070063230473494,77.50000004291043,0,100,1.0,3,8.497114651059872e-10
4.815,0.24656126505113576,77.50000001939064,0,100,1.0,3,3.839730733588031e-10
4.82,0.24656126505724016,77.50000000862377,0,100,1.0,4,1.707677607681593e-10
4.825,0.220700632329898,77.50000000377466,0,100,1.0,4,7.474571896519853e-11
4.83,0.17683207093748562,77.50000000162605,0,100,1.0,4,3.219898275401107e-11
4.835,0.12682276483597799,77.5000000006894,0,100,1.0,4,1.3651425424631278e-11
4.84,0.08141644409447898,77.50000000028766,0,100,1.0,4,5.696160814754831e-12
4.845,0.04678490952598309,77.50000000011813,0,100,1.0,4,2.339303668266817e-12
4.85,0.024064605020532023,77.50000000004775,0,100,1.0,4,9.455142939223512e-13
4.855,0.011080171739334697,77.50000000001899,0,100,1.0,4,3.759544930596015e-13
4.86,0.004571212771509492,77.50000000000743,0,100,1.0,4,1.4717380229803264e-13
4.865,0.0017299316936037438,77.50000000000287,0,100,1.0,4,5.684341886080802e-14
4.87,0.0008899431850697582,77.50000000000108,0,100,1.0,4,2.1386632838719847e-14
4.875,0.002128806368910263,77.5000000000004,0,100,1.0,4,7.87928578268626e-15
4.88,0.009309664818487698,77.50000000000014,0,100,1.0,4,2.8140306366736642e-15
4.885,0.03503263543368747,77.50000000000006,0,100,1.0,4,1.1256122546694657e-15
4.89,0.10606267793605692,77.50000000000001,0,100,1.0,4,2.814030636673664e-16
4.895,0.25734927343160535,77.5,0,100,1.0,4,0.0
4.9,0.5003202479539708,77.5,0,100,1.0,4,0.0
4.905,0.7793067891790435,77.5,0,100,1.0,4,0.0
4.91,0.9720477407234077,77.5000029632167,1,100,1.0,4,5.867755844249559e-08
4.915,0.967267334488097,77.5000057751259,0,100,1.0,4,1.1435892869854743e-07
4.92,0.7505869905515209,77.50001199175011,0,100,1.0,4,2.3746039829293835e-07
4.925,0.4028369574773956,77.50002751992237,0,100,1.0,4,5.449489578094841e-07
4.93,0.04553881263121314,77.50007070106201,0,100,1.0,4,1.4000210299936142e-06
4.935,-0.189138810908105,77.50019813608883,0,100,1.0,4,3.9234869074568835e-06
4.94,-0.22868072635956738,77.50057818202339,0,100,1.0,4,1.144914897800431e-05
4.945,-0.14104670682394166,77.50168586741358,0,100,1.0,4,3.3383513140290576e-05
4.95,-0.051158381651102834,77.5047820690373,0,100,1.0,4,9.469443638226498e-05
4.955,-0.008206426846427752,77.51300007149011,0,100,1.0,4,0.00025742715822002987
4.96,0.005350271385530505,77.53360476810788,0,100,1.0,4,0.0006654409526312507
4.965,0.01084668799215426,77.58226524038565,0,100,1.0,4,0.0016290146611020258
4.97,0.016256859896386415,77.69031446440876,0,100,1.0,4,0.0037686032556189615
4.975,0.02345021205790711,77.9156022259755,0,100,1.0,4,0.008229747049019897
4.98,0.0330621597308209,78.35618586329275,0,100,1.0,4,0.016954175510747547
4.985,0.04559141319943196,79.16338774532016,0,100,1.0,4,0.03293837119445871
4.99,0.06149084917446989,80.54697677121837,0,100,1.0,4,0.06033617368749244
4.995,0.08111733445924295,82.76193692058763,0,100,1.0,4,0.10419677070470554
5.0,0.1046628598272375,86.06632239589023,0,100,1.0,4,0.1696301464532718
5.005,0.1320831047748631,90.64618514458124,0,100,1.0,4,0.2603204979124998
5.01,0.16303381314489318,96.51755276989908,0,100,1.0,4,0.37658520336433826
5.015,0.19682662652900276,103.43337691048391,0,100,1.0,4,0.5135322160491864
5.02,0.23241585813229,110.83650493935875,0,100,1.0,4,0.6601288106803712
5.025,0.26842527782774417,117.89739331976155,0,100,1.0,4,0.7999483825695356
5.03,0.30321927900592993,123.65167505875493,0,100,1.0,4,0.9138945556189095
5.035,0.3350163137995362,127.21320863734229,0,100,1.0,4,0.984419973016679
5.04,0.3620352400956416,128.0,0,100,1.0,4,1.0
5.045,0.3826586036805073,125.89439684457138,0,100,1.0,4,0.9583048880113143
5.05,0.39559233134833227,121.27734577653152,0,100,1.0,4,0.8668781341887429
5.055,0.4,114.92344206600626,0,100,1.0,4,0.7410582587327972
5.06,0.39559233134833227,107.79691013430045,0,100,1.0,4,0.5999388145406029
5.065,0.3826586036805073,100.82266697370292,0,100,1.0,4,0.4618349895782757
5.07,0.3620352400956416,94.70661957252793,0,100,1.0,4,0.34072514005005794
5.075,0.3350163137995362,89.84941816370699,0,100,1.0,4,0.2445429339347918
5.08,0.3032192790059296,86.35636014773148,0,100,1.0,4,0.17537346827191047
5.085,0.26842527782774417,84.11343960508452,0,100,1.0,4,0.13095920010068363
5.09,0.23241585813229,82.88714208485197,0,100,1.0,4,0.10667608088815789
5.095,0.19682662652900276,82.41251134980615,0,100,1.0,4,0.09727745247140895
5.1,0.16303381314489318,82.45099200146763,0,100,1.0,4,0.09803944557361635
5.105,0.13208310477486307,82.8162323398421,0,100,1.0,4,0.10527192752162579
5.11,0.10466285982723562,83.37622289337803,0,100,1.0,4,0.11636084937382234
5.115,0.08111733445917907,84.04294535759365,0,100,1.0,4,0.12956327440779508
5.12,0.06149084917398798,84.75858818303747,0,100,1.0,4,0.14373441946608861
5.125,0.04559141333598128,85.4835482932493,0,100,1.0,4,0.1580900652128574
5.13,0.03306217087257399,86.18809782060332,0,100,1.0,4,0.17204154100204588
5.135,0.02345067901074276,86.84758514710228,0,100,1.0,4,0.18510069598222334
5.14,0.016268788896435526,87.44024089333156,0,100,1.0,4,0.19683645333329827
5.145,0.011039026374860051,87.94659384418057,0,100,1.0,4,0.2068632444392192
5.15,0.007326255555493689,88.34973107038635,0,100,1.0,4,0.2148461598096308
5.155,0.0047556414315231815,88.6359020647416,0,100,1.0,4,0.22051291217310098
5.16,0.0030193390635632803,88.79516897178708,0,100,1.0,4,0.2236667123126154
5.165,0.001874953127946523,88.8219336995392,0,100,1.0,4,0.22419670692156835
5.17,0.0011387927410965778,88.71524935893723,0,100,1.0,4,0.22208414572152926
5.175,0.0006765107634274089,88.47887116054635,0,100,1.0,4,0.21740338931774947
5.18,0.00039307957404427924,88.12103561282021,0,100,1.0,4,0.21031753688752888
5.185,0.00022338910511776318,87.65398370746026,0,100,1.0,4,0.20106898430614367
5.19,0.00012417073320013317,87.09326584850498,0,100,1.0,4,0.18996566036643533
5.195,6.750753468904987e-05,86.45688333992547,0,100,1.0,4,0.1773640265331776
5.2,3.5897234866245036e-05,85.76433238765725,0,100,1.0,4,0.16365014629024255
5.205,1.8670050400879738e-05,85.03562111892845,0,100,1.0,4,0.14922022017680092
5.21,9.497421874143672e-06,84.29032800874867,0,100,1.0,4,0.13446194076730048
5.215,4.725434140340885e-06,83.54676196678626,0,100,1.0,4,0.11973786072844086
5.22,2.299606063738814e-06,82.82127143199685,0,100,1.0,4,0.10537171152469006
5.225,1.0945633976635486e-06,82.12773383300559,0,100,1.0,4,0.09163829372288303
5.23,5.095703414287532e-07,81.47723957849853,0,100,1.0,4,0.07875721937620844
5.235,2.3202944964797243e-07,80.8779681711764,0,100,1.0,4,0.06689045883517634
5.24,1.0333746954038608e-07,80.33523965205595,0,100,1.0,4,0.056143359446652406
5.245,4.501406988770349e-08,79.85171351657259,0,100,1.0,4,0.04656858448658589
5.25,0.0,79.4277001310269,0,100,1.0,4,0.03817227982231477
5.255,0.0,79.06154663501417,0,100,1.0,4,0.030921715544834995
5.26,0.0,78.75006000694432,0,100,1.0,4,0.024753663503847993
5.265,0.0,78.48893371593002,0,100,1.0,4,0.019582845860000333
5.27,0.0,78.27315029611424,0,100,1.0,4,0.015309906853747291
5.275,0.0,78.09733930154225,0,100,1.0,4,0.01182850102063859
5.28,0.0,77.95607752728124,0,100,1.0,4,0.009031238163984908
5.285,0.0,77.84412535886558,0,100,1.0,4,0.006814363541892725
5.29,0.0,77.75659908390251,0,100,1.0,4,0.005081169978267619
5.295,0.0,77.68908363648295,0,100,1.0,4,0.0037442304254049156
5.3,0.0,77.63769342762592,0,100,1.0,4,0.0027266025272459243
5.305,0.0,77.59909069997673,0,100,1.0,4,0.001962192078747081
5.31,0.0,77.57047141662967,0,100,1.0,4,0.001395473596627178
5.315,0.0,77.54952831210755,0,100,1.0,4,0.0009807586555951383
5.32,0.0,77.53439968565549,0,100,1.0,4,0.0006811818941680531
5.325,0.0,77.52361107934098,0,100,1.0,4,0.0004675461255639747
5.33,0.0,77.51601539400482,0,100,1.0,4,0.0003171365149470229
5.335,0.0,77.5107354396466,0,100,1.0,4,0.00021258296329891224
5.34,0.0,77.5071115204345,0,100,1.0,4,0.00014082218682190587
5.345,0.0,77.50465549120143,0,100,1.0,4,9.218794458283044e-05
5.35,0.0,77.50301181976099,0,100,1.0,4,5.963999526703348e-05
5.355,0.0,77.50192554142846,0,100,1.0,4,3.812953323688924e-05
5.36,0.0,77.50121657020485,0,100,1.0,4,2.409049910586801e-05
5.365,0.0,77.50075959466382,0,100,1.0,4,1.5041478491465937e-05
5.37,0.0,77.5004686914755,0,100,1.0,4,9.281019316912903e-06
5.375,0.0,77.50028579368261,0,100,1.0,4,5.659280843712965e-06
5.38,0.0,77.50017221802912,0,100,1.0,4,3.410258002396845e-06
5.385,0.0,77.50010255693317,0,100,1.0,4,2.0308303598341972e-06
5.39,0.0,77.50006035480573,0,100,1.0,4,1.1951446678344072e-06
5.395,0.0,77.50003510096914,0,100,1.0,4,6.950686958976569e-07
5.4,0.0,77.50002017375671,0,100,1.0,4,3.9948033088309094e-07
5.405,0.0,77.5000114581597,0,100,1.0,4,2.2689425157628954e-07
5.41,0.0,77.50000643136833,0,100,1.0,4,1.2735382839390794e-07
5.415,0.0,77.50000356740416,0,100,1.0,4,7.06416666153108e-08
5.42,0.0,77.50000195551733,0,100,1.0,4,3.8723115521591324e-08
5.425,0.001684486749771458,77.50000105933042,0,100,1.0,4,2.097683990865731e-08
5.43,0.00456624331333666,77.50000056710259,0,100,1.0,4,1.1229754235419834e-08
5.435,0.011079731271581421,77.50000030002141,0,100,1.0,4,5.941018062543717e-09
5.44,0.024064571490409,77.50000015685677,0,100,1.0,4,3.106074675790548e-09
5.445,0.046784906529573234,77.50000008104286,0,100,1.0,4,1.6048090293396052e-09
5.45,0.08141644351188804,77.50000004137964,0,100,1.0,4,8.193987270877385e-10
5.455,0.12682276464025305,77.50000002087944,0,100,1.0,4,4.1345426532391476e-10
5.46,0.1768320708657512,77.50000001041145,0,100,1.0,4,2.0616742196832298e-10
5.465,0.22070063230473494,77.50000000513056,0,100,1.0,4,1.0159522947889297e-10
5.47,0.24656126505113576,77.5000000024985,0,100,1.0,4,4.947516104174169e-11
5.475,0.24656126505724016,77.50000000120241,0,100,1.0,4,2.3810076023023207e-11
5.48,0.220700632329898,77.50000000057186,0,100,1.0,4,1.1323940685038491e-11
5.485,0.17683207093748562,77.50000000026877,0,100,1.0,4,5.322176143140901e-12
5.49,0.12682276483597799,77.50000000012483,0,100,1.0,4,2.4718445112541467e-12
5.495,0.08141644409447898,77.5000000000573,0,100,1.0,4,1.1346171527068214e-12
5.5,0.04678490952598309,77.50000000002599,0,100,1.0,4,5.146862034476132e-13
5.505,0.024064605020532023,77.50000000001165,0,100,1.0,4,2.3075051220724046e-13
5.51,0.011080171739334697,77.50000000000516,0,100,1.0,4,1.0214931211125401e-13
5.515,0.004571212771509492,77.50000000000226,0,100,1.0,4,4.474308712311126e-14
5.52,0.0017299316936037438,77.50000000000098,0,100,1.0,4,1.9416811393048284e-14
5.525,0.0008899431850697582,77.50000000000041,0,100,1.0,4,8.160688846353625e-15
5.53,0.002128806368910263,77.50000000000017,0,100,1.0,4,3.3768367640083968e-15
5.535,0.009309664818487698,77.50000000000007,0,100,1.0,4,1.4070153183368321e-15
5.54,0.03503263543368747,77.50000000000003,0,100,1.0,4,5.628061273347328e-16
5.545,0.10606267793605692,77.50000000000001,0,100,1.0,4,2.814030636673664e-16
5.55,0.25734927343160535,77.5,0,100,1.0,4,0.0
5.555,0.5003202479539708,77.5,0,100,1.0,4,0.0
5.56,0.7793067891790435,77.5,0,100,1.0,4,0.0
5.565,0.9720477407234077,77.50000297262514,1,100,1.0,4,5.8863864154827213e-08
5.57,0.967267334488097,77.50000602692357,0,100,1.0,4,1.193450212231075e-07
5.575,0.7505869905515209,77.50001314884915,0,100,1.0,4,2.603732504761829e-07
5.58,0.4028369574773956,77.50003218277465,0,100,1.0,4,6.372826662597374e-07
5.585,0.04553881263121314,77.5000891336331,0,100,1.0,4,1.7650224375563202e-06
5.59,-0.189138810908105,77.5002690214767,0,100,1.0,4,5.32715795439925e-06
5.595,-0.22868072635956738,77.50083732265789,0,100,1.0,4,1.6580646690828313e-05
5.6,-0.14104670682394166,77.50257317183726,0,100,1.0,4,5.09538977674351e-05
5.605,-0.051158381651102834,77.5076082097914,0,100,1.0,4,0.00015065761963167613
5.61,-0.008206426846427752,77.52135258747315,0,100,1.0,4,0.0004228235143197217
5.615,0.005350271385530505,77.55649700924465,0,100,1.0,4,0.0011187526583099309
5.62,0.01084668799215426,77.64045440057028,0,100,1.0,4,0.0027812752588173757
5.625,0.016256859896386415,77.82751617390053,0,100,1.0,4,0.006485468790109587
5.63,0.02345021205790711,78.21569569973141,0,100,1.0,4,0.014172192073889358
5.635,0.0330621597308209,78.96491975294279,0,100,1.0,4,0.029008311939461205
5.64,0.04559141319943196,80.30785299502509,0,100,1.0,4,0.05560104940643736
5.645,0.06149084917446989,82.53901529227541,0,100,1.0,4,0.0997824810351566
5.65,0.08111733445924295,85.96626012174221,0,100,1.0,4,0.16764871528202394
5.655,0.1046628598272375,90.81658192531896,0,100,1.0,4,0.2636946915904744
5.66,0.1320831047748631,97.10833980159956,0,100,1.0,4,0.38828395646731795
5.665,0.16303381314489318,104.52938760793602,0,100,1.0,4,0.5352353981769508
5.67,0.19682662652900276,112.38094101245923,0,100,1.0,4,0.6907117032170145
5.675,0.23241585813229,119.64223165483207,0,100,1.0,4,0.834499636729348
5.68,0.26842527782774417,125.1719099748606,0,100,1.0,4,0.9439982173239723
5.685,0.30321927900592993,128.0,0,100,1.0,4,1.0
5.69,0.3350163137995362,127.6101393237791,0,100,1.0,4,0.992279986609487
5.695,0.3620352400956416,124.10010403781507,0,100,1.0,4,0.9227743373824767
5.7,0.3826586036805073,118.15277378027952,0,100,1.0,4,0.8050054213916736
5.705,0.39559233134833227,110.8299379581053,0,100,1.0,4,0.6599987714476298
5.71,0.4,103.27489006078626,0,100,1.0,4,0.510393862589827
5.715,0.39559233134833227,96.43814350154825,0,100,1.0,4,0.3750127426049159
5.72,0.3826586036805073,90.9137835998359,0,100,1.0,4,0.26561947722447316
5.725,0.3620352400956416,86.9136909261355,0,100,1.0,4,0.1864097213096139
5.73,0.3350163137995362,84.34894125219122,0,100,1.0,4,0.13562259905329158
5.735,0.3032192790059296,82.95851223358169,0,100,1.0,4,0.10808935116003339
5.74,0.26842527782774417,82.42961246934831,0,100,1.0,4,0.09761608850194681
5.745,0.23241585813229,82.47825904809713,0,100,1.0,4,0.09857938709103227
5.75,0.19682662652900276,82.88510695734854,0,100,1.0,4,0.10663578133363447
5.755,0.16303381314489318,83.49817142324218,0,100,1.0,4,0.11877567174736997
5.76,0.13208310477486307,84.218703403949,0,100,1.0,4,0.1330436317613662
5.765,0.10466285982723562,84.98313005843968,0,100,1.0,4,0.14818079323642938
5.77,0.08111733445917907,85.74806308660983,0,100,1.0,4,0.163327981913066
5.775,0.06149084917398798,86.48049615879853,0,100,1.0,4,0.17783160710492138
5.78,0.04559141333598128,87.1526196872008,0,100,1.0,4,0.19114098390496628
5.785,0.03306217087257399,87.73979816955085,0,100,1.0,4,0.20276828058516538
5.79,0.02345067901074276,88.22034613356011,0,100,1.0,4,0.2122840818526755
5.795,0.016268788896435526,88.57613991279077,0,100,1.0,4,0.2193295032235795
5.8,0.011039026374860051,88.79347868239333,0,100,1.0,4,0.22363324123551145
5.805,0.007326255555493689,88.86386439984123,0,100,1.0,4,0.2250270178186383
5.81,0.0047556414315231815,88.78452238775425,0,100,1.0,4,0.22345588886642082
5.815,0.0030193390635632803,88.55857365850133,0,100,1.0,4,0.21898165660398675
5.82,0.001874953127946523,88.19482866332193,0,100,1.0,4,0.2117787854123154
5.825,0.0011387927410965778,87.70721657209255,0,100,1.0,4,0.2021231004374762
5.83,0.0006765107634274089,87.11390019357708,0,100,1.0,4,0.1903742612589521
5.835,0.00039307957404427924,86.43615452975533,0,100,1.0,4,0.17695355504465995
5.84,0.00022338910511776318,85.6971052748557,0,100,1.0,4,0.16231891633377626
5.845,0.00012417073320013317,84.92043109401514,0,100,1.0,4,0.14693922958445826
5.85,6.750753468904987e-05,84.12913009206147,0,100,1.0,4,0.13126990281309847
5.855,3.5897234866245036e-05,83.3444376315581,0,100,1.0,4,0.11573143824867513
5.86,1.8670050400879738e-05,82.58496182074326,0,100,1.0,4,0.10069231328204475
5.865,9.497421874143672e-06,81.86607755524824,0,100,1.0,4,0.08645698129204434
5.87,4.725434140340885e-06,81.1995932352933,0,100,1.0,4,0.07325927198600607
5.875,2.299606063738814e-06,80.59367928154045,0,100,1.0,4,0.061260975872088036
5.88,1.0945633976635486e-06,80.05302685084085,0,100,1.0,4,0.05055498714536339
5.885,5.095703414287532e-07,79.5791903812813,0,100,1.0,4,0.041172086758045415
5.89,2.3202944964797243e-07,79.17105949996414,0,100,1.0,4,0.03309028712800286
5.895,1.0333746954038608e-07,78.82540422739977,0,100,1.0,4,0.026245628265342033
5.9,4.501406988770349e-08,78.53744138964515,0,100,1.0,4,0.02054339385435946
5.905,0.0,78.30137828670698,0,100,1.0,4,0.01586887696449461
5.91,0.0,78.11090032048983,0,100,1.0,4,0.012097036049303622
5.915,0.0,77.95958084176635,0,100,1.0,4,0.009100610728046602
5.92,0.0,77.84120254425764,0,100,1.0,4,0.006756486024903777
5.925,0.0,77.74998928072644,0,100,1.0,4,0.004950282786662154
5.93,0.0,77.68075457337353,0,100,1.0,4,0.0035792984826442343
5.935,0.0,77.62897810246339,0,100,1.0,4,0.0025540218309582667
5.94,0.0,77.59082417329567,0,100,1.0,4,0.0017984984811024256
5.945,0.0,77.56311690651798,0,100,1.0,4,0.0012498397330292315
5.95,0.0,77.54328612787634,0,100,1.0,4,0.0008571510470562883
5.955,0.0,77.52929615012752,0,100,1.0,4,0.0005801217847033963
5.96,0.0,77.51956731102686,0,100,1.0,4,0.00038747150548240573
5.965,0.0,77.51289764815891,0,100,1.0,4,0.00025539897344380267
5.97,0.0,77.5083897435128,0,100,1.0,4,0.00016613353490680706
5.975,0.0,77.5053857429786,0,100,1.0,4,0.00010664837581393074
5.98,0.0,77.50341193968492,0,100,1.0,4,6.756316207769271e-05
5.985,0.0,77.50213312275217,0,100,1.0,4,4.224005449841435e-05
5.99,0.0,77.50131610073626,0,100,1.0,4,2.606140071804367e-05
5.995,0.0,77.5008013480742,0,100,1.0,4,1.586827869713002e-05
6.0,0.0,77.50048151746557,0,100,1.0,4,9.53499931828185e-06
6.005,0.0,77.5002855365269,0,100,1.0,4,5.654188651540086e-06
6.01,0.0,77.50016709755003,0,100,1.0,4,3.3088623768948633e-06
6.015,0.0,77.50009650221315,0,100,1.0,4,1.910934913937153e-06
6.02,0.0,77.50005500007046,0,100,1.0,4,1.0891103061517737e-06
6.025,0.0,77.50003093484894,0,100,1.0,5,6.125712660728949e-07
6.03,0.0,77.50001717083974,0,100,1.0,5,3.400166285205565e-07
6.035,0.0,77.5000094057591,0,100,1.0,5,1.862526554723805e-07
6.04,0.0,77.50000508457842,0,100,1.0,5,1.0068472116328471e-07
6.045,0.001684486749771458,77.50000271253174,0,100,1.0,5,5.371349977782068e-08
6.05,0.00456624331333666,77.50000142808314,0,100,1.0,5,2.8278874019138535e-08
6.055,0.011079731271581421,77.50000074197783,0,100,1.0,5,1.4692630267547591e-08
6.06,0.024064571490409,77.50000038044087,0,100,1.0,5,7.533482502286362e-09
6.065,0.046784906529573234,77.50000019250507,0,100,1.0,5,3.811981577479792e-09
6.07,0.08141644351188804,77.50000009612934,0,100,1.0,5,1.9035513055809637e-09
6.075,0.12682276464025305,77.50000004737274,0,100,1.0,5,9.38073996918986e-10
6.08,0.1768320708657512,77.5000000230388,0,100,1.0,5,4.562137422512348e-10
6.085,0.22070063230473494,77.50000001105732,0,100,1.0,5,2.1895690980894113e-10
6.09,0.24656126505113576,77.5000000052372,0,100,1.0,5,1.0370687806865288e-10
6.095,0.24656126505724016,77.50000000244798,0,100,1.0,5,4.8474773150404206e-11
6.1,0.220700632329898,77.50000000112921,0,100,1.0,5,2.2360568842072603e-11
6.105,0.17683207093748562,77.50000000051404,0,100,1.0,5,1.0178911618975978e-11
6.11,0.12682276483597799,77.50000000023093,0,100,1.0,5,4.5727997845947045e-12
6.115,0.08141644409447898,77.50000000010237,0,100,1.0,5,2.0272276706597077e-12
6.12,0.04678490952598309,77.50000000004479,0,100,1.0,5,8.869824566795389e-13
6.125,0.024064605020532023,77.50000000001934,0,100,1.0,5,3.829895696512857e-13
6.13,0.011080171739334697,77.50000000000824,0,100,1.0,5,1.632137769270725e-13
6.135,0.004571212771509492,77.50000000000347,0,100,1.0,5,6.86623475348374e-14
6.14,0.0017299316936037438,77.50000000000144,0,100,1.0,5,2.842170943040401e-14
6.145,0.0008899431850697582,77.50000000000058,0,100,1.0,5,1.1537525610362024e-14
6.15,0.002128806368910263,77.50000000000024,0,100,1.0,5,4.783852082345229e-15
6.155,0.009309664818487698,77.5000000000001,0,100,1.0,5,1.969821445671565e-15
6.16,0.03503263543368747,77.50000000000004,0,100,1.0,5,8.442091910020992e-16
6.165,0.10606267793605692,77.50000000000001,0,100,1.0,5,2.814030636673664e-16
6.17,0.25734927343160535,77.5,0,100,1.0,5,0.0
6.175,0.5003202479539708,77.5,0,100,1.0,5,0.0
6.18,0.7793067891790435,77.5,0,100,1.0,5,0.0
6.185,0.9720477407234077,77.50000295860458,1,100,1.0,5,5.8586229359585414e-08
6.19,0.967267334488097,77.50000607194025,0,100,1.0,5,1.2023644056189188e-07
6.195,0.7505869905515209,77.50001345273148,0,100,1.0,5,2.663907223742883e-07
6.2,0.4028369574773956,77.5000335974731,0,100,1.0,5,6.65296497145121e-07
6.205,0.04553881263121314,77.5000952391376,0,100,1.0,5,1.8859235166978084e-06
6.21,-0.189138810908105,77.50029396174413,0,100,1.0,5,5.821024636320949e-06
6.215,-0.22868072635956738,77.50093256649718,0,100,1.0,5,1.8466663310573943e-05
6.22,-0.14104670682394166,77.5029100232732,0,100,1.0,5,5.762422323172278e-05
6.225,-0.051158381651102834,77.50870714352278,0,100,1.0,5,0.00017241868361948757
6.23,-0.008206426846427752,77.5246562773498,0,100,1.0,5,0.00048824311583773423
6.235,0.005350271385530505,77.56565066778992,0,100,1.0,5,0.0013000132235628605
6.24,0.01084668799215426,77.66383990810884,0,100,1.0,5,0.0032443546160166505
6.245,0.016256859896386415,77.88262038992832,0,100,1.0,5,0.007576641384719209
6.25,0.02345021205790711,78.33545183145863,0,100,1.0,5,0.016543600622943112
6.255,0.0330621597308209,79.20484989603223,0,100,1.0,5,0.03375940388182632
6.26,0.04559141319943196,80.75054676642503,0,100,1.0,5,0.06436726270148578
6.265,0.06149084917446989,83.28992906835192,0,100,1.0,5,0.11465206075944404
6.27,0.08111733445924295,87.13394030962314,0,100,1.0,5,0.19077109524006222
6.275,0.1046628598272375,92.47378991953458,0,100,1.0,5,0.2965106914759323
6.28,0.1320831047748631,99.23955414039685,0,100,1.0,5,0.43048622060191777
6.285,0.16303381314489318,106.98246625036123,0,100,1.0,5,0.5838112128784402
6.29,0.19682662652900276,114.8494723141842,0,100,1.0,5,0.7395935111719643
6.295,0.23241585813229,121.70177762100317,0,100,1.0,5,0.8752827251683797
6.3,0.26842527782774417,126.37413972136399,0,100,1.0,5,0.9678047469577027
6.305,0.30321927900592993,128.0,0,100,1.0,5,1.0
6.31,0.3350163137995362,126.27952255457706,0,100,1.0,5,0.9659311396945952
6.315,0.3620352400956416,121.57753056726469,0,100,1.0,5,0.8728223874705879
6.32,0.3826586036805073,114.80819134861454,0,100,1.0,5,0.7387760663091989
6.325,0.39559233134833227,107.1570555269131,0,100,1.0,5,0.5872684262755069
6.33,0.4,99.75682326894582,0,100,1.0,5,0.44072917364249153
6.335,0.39559233134833227,93.437628290086,0,100,1.0,5,0.3155965998036831
6.34,0.3826586036805073,88.6210265304858,0,100,1.0,5,0.2202183471383328
6.345,0.3620352400956416,85.35521064557099,0,100,1.0,5,0.15554872565487113
6.35,0.3350163137995362,83.43676931776182,0,100,1.0,5,0.11755978847053099
6.355,0.3032192790059296,82.55078966163666,0,100,1.0,5,0.1000156368640922
6.36,0.26842527782774417,82.37990978446584,0,100,1.0,5,0.0966318769201156
6.365,0.23241585813229,82.66385053700031,0,100,1.0,5,0.10225446607921415
6.37,0.19682662652900276,83.21572546574443,0,100,1.0,5,0.11318268248998865
6.375,0.16303381314489318,83.91239791841033,0,100,1.0,5,0.12697817660218486
6.38,0.13208310477486307,84.67546318988141,0,100,1.0,5,0.14208837999765173
6.385,0.10466285982723562,85.45331282711224,0,100,1.0,5,0.1574913431111335
6.39,0.08111733445917907,86.20847512306442,0,100,1.0,5,0.17244505194186965
6.395,0.06149084917398798,86.91043201717129,0,100,1.0,5,0.1863451884588374
6.4,0.04559141333598128,87.53247338289246,0,100,1.0,5,0.19866283926519726
6.405,0.03306217087257399,88.0509704560115,0,100,1.0,5,0.20893010803983164
6.41,0.02345067901074276,88.44584531855038,0,100,1.0,5,0.21674941224852243
6.415,0.016268788896435526,88.70146811501344,0,100,1.0,5,0.22181124980224634
6.42,0.011039026374860051,88.80754517288817,0,100,1.0,5,0.2239117856017459
6.425,0.007326255555493689,88.75976200907462,0,100,1.0,5,0.22296558433811128
6.43,0.0047556414315231815,88.56006114259078,0,100,1.0,5,0.21901111173447094
6.435,0.0030193390635632803,88.21650740561338,0,100,1.0,5,0.2122080674378888
6.44,0.001874953127946523,87.74274663539316,0,100,1.0,5,0.20282666604738933
6.445,0.0011387927410965778,87.15710631316468,0,100,1.0,5,0.19122982798345892
6.45,0.0006765107634274089,86.48142019658886,0,100,1.0,5,0.17784990488294766
6.455,0.00039307957404427924,85.73968176817759,0,100,1.0,5,0.16316201521143742
6.46,0.00022338910511776318,84.95664182706211,0,100,1.0,5,0.14765627380321017
6.465,0.00012417073320013317,84.15646337911748,0,100,1.0,5,0.13181115602212837
6.47,6.750753468904987e-05,83.36153323734182,0,100,1.0,5,0.11606996509587757
6.475,3.5897234866245036e-05,82.59150690834363,0,100,1.0,5,0.10082191897710163
6.48,1.8670050400879738e-05,81.86263483969579,0,100,1.0,5,0.08638880870684726
6.485,9.497421874143672e-06,81.18738775969096,0,100,1.0,5,0.07301757939982106
6.49,4.725434140340885e-06,80.57437030471705,0,100,1.0,5,0.06087861989538713
6.495,2.299606063738814e-06,80.02848839135753,0,100,1.0,5,0.0500690770565847
6.5,1.0945633976635486e-06,79.55131885537037,0,100,1.0,5,0.040620175353868686
6.505,5.095703414287532e-07,79.14162062723075,0,100,1.0,5,0.03250733915308417
6.51,2.3202944964797243e-07,78.79592494440962,0,100,1.0,5,0.025661880087319212
6.515,1.0333746954038608e-07,78.50914673365939,0,100,1.0,5,0.019983103636819648
6.52,4.501406988770349e-08,78.2751686651716,0,100,1.0,5,0.015349874557853577
6.525,0.0,78.08736155817212,0,100,1.0,5,0.01163092194400237
6.53,0.0,77.93901792246764,0,100,1.0,5,0.008693424207280032
6.535,0.0,77.82368785280029,0,100,1.0,5,0.0064096604514908995
6.54,0.0,77.73541708275205,0,100,1.0,5,0.004661724410931694
6.545,0.0,77.66889506741865,0,100,1.0,5,0.0033444567805672436
6.55,0.0,77.61952627338034,0,100,1.0,5,0.0023668568986206853
6.555,0.0,77.583440560487,0,100,1.0,5,0.0016522883264753596
6.56,0.0,77.55745905335685,0,100,1.0,5,0.0011378030367693284
6.565,0.0,77.53903077198105,0,100,1.0,5,0.0007728865738821098
6.57,0.0,77.52615310372167,0,100,1.0,5,0.0005178832420132368
6.575,0.0,77.51728648731061,0,100,1.0,5,0.00034230667941809016
6.58,0.0,77.51127087641395,0,100,1.0,5,0.00022318567156327782
6.585,0.0,77.50724896569103,0,100,1.0,5,0.0001435438750699704
6.59,0.0,77.50459898318086,0,100,1.0,5,9.10689738783267e-05
6.595,0.0,77.50287816056776,0,100,1.0,5,5.699327856952082e-05
6.6,0.0,77.50177678810005,0,100,1.0,5,3.518392277317274e-05
6.605,0.0,77.50108199106754,0,100,1.0,5,2.1425565693793897e-05
6.61,0.0,77.5006499487824,0,100,1.0,5,1.2870272918730328e-05
6.615,0.0,77.50038512526845,0,100,1.0,5,7.626242939628661e-06
6.62,0.0,77.50022510871771,0,100,1.0,5,4.457598370580323e-06
6.625,0.0,77.5001297926306,0,100,1.0,5,2.5701511010358426e-06
6.63,0.0,77.50007382019291,0,100,1.0,5,1.4617859982094934e-06
6.635,0.0,77.50004141596045,0,100,1.0,5,8.201180287752583e-07
6.64,0.0,77.50002292069169,0,100,1.0,5,4.5387508299598373e-07
6.645,0.0,77.50001251281783,0,100,1.0,5,2.477785709414651e-07
6.65,0.0,77.50000673829383,0,100,1.0,5,1.334315610696793e-07
6.655,0.001684486749771458,77.50000357941612,0,100,1.0,5,7.087952705732466e-08
6.66,0.00456624331333666,77.50000187560704,0,100,1.0,5,3.714073347221682e-08
6.665,0.011079731271581421,77.50000096948018,0,100,1.0,5,1.919762739096696e-08
6.67,0.024064571490409,77.5000004943146,0,100,1.0,5,9.788408024718646e-09
6.675,0.046784906529573234,77.5000002486196,0,100,1.0,5,4.923160387610695e-09
6.68,0.08141644351188804,77.50000012334874,0,100,1.0,5,2.442549326714119e-09
6.685,0.12682276464025305,77.50000006036726,0,100,1.0,5,1.1953912095609352e-09
6.69,0.1768320708657512,77.5000000291431,0,100,1.0,5,5.770909910556793e-10
6.695,0.22070063230473494,77.50000001387833,0,100,1.0,5,2.748185133806137e-10
6.7,0.24656126505113576,77.50000000651939,0,100,1.0,5,1.290967508911047e-10
6.705,0.24656126505724016,77.50000000302094,0,100,1.0,5,5.982066327440875e-11
6.71,0.220700632329898,77.50000000138085,0,100,1.0,5,2.7343654293494327e-11
6.715,0.17683207093748562,77.5000000006226,0,100,1.0,5,1.2328831025394658e-11
6.72,0.12682276483597799,77.50000000027693,0,100,1.0,5,5.4837015016859696e-12
6.725,0.08141644409447898,77.50000000012149,0,100,1.0,5,2.4057147912923155e-12
6.73,0.04678490952598309,77.50000000005258,0,100,1.0,5,1.0411913355692557e-12
6.735,0.024064605020532023,77.50000000002245,0,100,1.0,5,4.446168405944389e-13
6.74,0.011080171739334697,77.50000000000945,0,100,1.0,5,1.8713303733879865e-13
6.745,0.004571212771509492,77.50000000000392,0,100,1.0,5,7.766724557219314e-14
6.75,0.0017299316936037438,77.5000000000016,0,100,1.0,5,3.179854619441241e-14
6.755,0.0008899431850697582,77.50000000000065,0,100,1.0,5,1.2944540928698855e-14
6.76,0.002128806368910263,77.50000000000026,0,100,1.0,5,5.065255146012595e-15
6.765,0.009309664818487698,77.5000000000001,0,100,1.0,5,1.969821445671565e-15
6.77,0.03503263543368747,77.50000000000004,0,100,1.0,5,8.442091910020992e-16
6.775,0.10606267793605692,77.50000000000001,0,100,1.0,5,2.814030636673664e-16
6.78,0.25734927343160535,77.5,0,100,1.0,5,0.0
6.785,0.5003202479539708,77.5,0,100,1.0,5,0.0
6.79,0.7793067891790435,77.5,0,100,1.0,5,0.0
6.795,0.9720477407234077,77.500002961856,1,100,1.0,5,5.865061381774638e-08
6.8,0.967267334488097,77.500006041423,0,100,1.0,5,1.1963213873878877e-07
6.805,0.7505869905515209,77.50001328138595,0,100,1.0,5,2.629977415165173e-07
6.81,0.4028369574773956,77.50003283321637,0,100,1.0,5,6.501627003199426e-07
6.815,0.04553881263121314,77.50009198824264,0,100,1.0,5,1.8215493592959877e-06
6.82,-0.189138810908105,77.50028074560149,0,100,1.0,5,5.559318841314602e-06
6.825,-0.22868072635956738,77.50088215537116,0,100,1.0,5,1.7468423191256096e-05
6.83,-0.14104670682394166,77.5027317136506,0,100,1.0,5,5.409333961592487e-05
6.835,-0.051158381651102834,77.50812515206187,0,100,1.0,5,0.00016089410023495125
6.84,-0.008206426846427752,77.52290585167412,0,100,1.0,5,0.0004535812212697967
6.845,0.005350271385530505,77.5607994860294,0,100,1.0,5,0.0012039502184038745
6.85,0.01084668799215426,77.65144697964095,0,100,1.0,5,0.0029989500919000286
6.855,0.016256859896386415,77.85343089561607,0,100,1.0,5,0.00699863159635785
6.86,0.02345021205790711,78.27206809920676,0,100,1.0,5,0.015288477212015105
6.865,0.0330621597308209,79.07802187804528,0,100,1.0,5,0.031247957981094594
6.87,0.04559141319943196,80.51693895137673,0,100,1.0,5,0.05974136537379663
6.875,0.06149084917446989,82.89454088046219,0,100,1.0,5,0.10682259169232054
6.88,0.08111733445924295,86.52074732919208,0,100,1.0,5,0.17862865998400151
6.885,0.1046628598272375,91.60628022891433,0,100,1.0,5,0.2793322817606798
6.89,0.1320831047748631,98.12800786254579,0,100,1.0,5,0.40847540321872844
6.895,0.16303381314489318,105.70840989696592,0,100,1.0,5,0.5585823741973449
6.9,0.19682662652900276,113.57344353324595,0,100,1.0,5,0.7143256145197218
6.905,0.23241585813229,120.64276888442222,0,100,1.0,5,0.8543122551370738
6.91,0.26842527782774417,125.75956336367835,0,100,1.0,5,0.9556349180926407
6.915,0.30321927900592993,128.0,0,100,1.0,5,1.0
6.92,0.3350163137995362,126.95061745029365,0,100,1.0,5,0.9792201475305673
6.925,0.3620352400956416,122.84001560912182,0,100,1.0,5,0.897822091269739
6.93,0.3826586036805073,116.46801010317881,0,100,1.0,5,0.7716437644193824
6.935,0.39559233134833227,108.96296573740314,0,100,1.0,5,0.6230290245030324
6.94,0.4,101.46881286087532,0,100,1.0,5,0.4746299576410954
6.945,0.39559233134833227,94.88053871179497,0,100,1.0,5,0.34416908340188057
6.95,0.3826586036805073,89.70779311233117,0,100,1.0,5,0.24173847747190444
6.955,0.3620352400956416,86.07956026661839,0,100,1.0,5,0.1698922825072948
6.96,0.3350163137995362,83.84687409322002,0,100,1.0,5,0.1256806751132678
6.965,0.3032192790059296,82.7187027867249,0,100,1.0,5,0.10334064924207731
6.97,0.26842527782774417,82.37771688222631,0,100,1.0,5,0.09658845311339226
6.975,0.23241585813229,82.55072048744152,0,100,1.0,5,0.10001426707804997
6.98,0.19682662652900276,83.03453037589074,0,100,1.0,5,0.1095946609087275
6.985,0.16303381314489318,83.69208055632127,0,100,1.0,5,0.12261545656081728
6.99,0.13208310477486307,84.43544696634281,0,100,1.0,5,0.1373355834919368
6.995,0.10466285982723562,85.20760297898806,0,100,1.0,5,0.15262580156412006
7.0,0.08111733445917907,85.96850260217812,0,100,1.0,5,0.1676931208352103
7.005,0.06149084917398798,86.6865931944108,0,100,1.0,5,0.18191273652298623
7.01,0.04559141333598128,87.33469336179016,0,100,1.0,5,0.19474640320376552
7.015,0.03306217087257399,87.88866412777621,0,100,1.0,5,0.20571612134210315
7.02,0.02345067901074276,88.32756689971691,0,100,1.0,5,0.21440726534092897
7.025,0.016268788896435526,88.63444229094094,0,100,1.0,5,0.22048400576120672
7.03,0.011039026374860051,88.7972016808272,0,100,1.0,5,0.22370696397677625
7.035,0.007326255555493689,88.80935150413694,0,100,1.0,5,0.22394755453736517
7.04,0.0047556414315231815,88.67040269484706,0,100,1.0,5,0.22119609296726842
7.045,0.0030193390635632803,88.38589749796584,0,100,1.0,5,0.21556232669239292
7.05,0.001874953127946523,87.96704111602165,0,100,1.0,5,0.20726814091131976
7.055,0.0011387927410965778,87.42996910265714,0,100,1.0,5,0.19663305153776514
7.06,0.0006765107634274089,86.79471636674512,0,100,1.0,5,0.18405378944049744
7.065,0.00039307957404427924,86.08397933237504,0,100,1.0,5,0.16997978875990172
7.07,0.00022338910511776318,85.32177758289465,0,100,1.0,5,0.15488668480979514
7.075,0.00012417073320013317,84.53212429988861,0,100,1.0,5,0.13924998613640807
7.08,6.750753468904987e-05,83.7378064113005,0,100,1.0,5,0.1235209190356534
7.085,3.5897234866245036e-05,82.95935736032456,0,100,1.0,5,0.1081060863430606
7.09,1.8670050400879738e-05,82.21428063285789,0,100,1.0,5,0.09335209173976025
7.095,9.497421874143672e-06,81.51655406697313,0,100,1.0,5,0.0795357240984778
7.1,4.725434140340885e-06,80.8764170164331,0,100,1.0,5,0.06685974289966524
7.105,2.299606063738814e-06,80.30041774319758,0,100,1.0,5,0.05545381669698188
7.11,1.0945633976635486e-06,79.7916792805792,0,100,1.0,5,0.04537978773424164
7.115,5.095703414287532e-07,79.35032975682887,0,100,1.0,5,0.03664019320453208
7.12,2.3202944964797243e-07,78.97403808767992,0,100,1.0,5,0.029188873023364655
7.125,1.0333746954038608e-07,78.65859741440458,0,100,1.0,5,0.022942523057516477
7.13,4.501406988770349e-08,78.39850537991533,0,100,1.0,5,0.01779218574089772
7.135,0.0,78.1875006071592,0,100,1.0,5,0.01361387340909295
7.14,0.0,78.01902678123402,0,100,1.0,5,0.010277758044237983
7.145,0.0,77.8866079019436,0,100,1.0,5,0.007655602018685262
7.15,0.0,77.78412926151917,0,100,1.0,5,0.0056263220102805754
7.155,0.0,77.70602763440992,0,100,1.0,5,0.004079755136830114
7.16,0.0,77.64740060525696,0,100,1.0,5,0.002918823866474497
7.165,0.0,77.604048862077,0,100,1.0,5,0.0020603735064751187
7.17,0.0,77.57246689949535,0,100,1.0,5,0.0014349881088188759
7.175,0.0,77.54979735814472,0,100,1.0,5,0.000986086299895357
7.18,0.0,77.53376270259416,0,100,1.0,5,0.0006685683682011887
7.185,0.0,77.52258563891289,0,100,1.0,5,0.000447240374512603
7.19,0.0,77.51490705436474,0,100,1.0,5,0.0002951891953414091
7.195,0.0,77.50970768257822,0,100,1.0,5,0.00019223133818265054
7.2,0.0,77.50623739972342,0,100,1.0,5,0.000123512865810248
7.205,0.0,77.50395417479393,0,100,1.0,5,7.830049096895945e-05
7.21,0.0,77.50247327511215,0,100,1.0,5,4.8975744795087046e-05
7.215,0.0,77.50152634696913,0,100,1.0,5,3.0224692458002417e-05
7.22,0.0,77.50092939083888,0,100,1.0,5,1.840377898766332e-05
7.225,0.0,77.50055835162344,0,100,1.0,5,1.1056467790881876e-05
7.23,0.0,77.50033096453323,0,100,1.0,6,6.553753133339972e-06
7.235,0.0,77.50019356169078,0,100,1.0,6,3.832904767894361e-06
7.24,0.0,77.50011169188872,0,100,1.0,6,2.2117205686966075e-06
7.245,0.0,77.50006358989972,0,100,1.0,6,1.2592059351395573e-06
7.25,0.0,77.5000357206146,0,100,1.0,6,7.07338903067007e-07
7.255,0.0,77.50001979766552,0,100,1.0,6,3.920329805119349e-07
7.26,0.0,77.50001082613204,0,100,1.0,6,2.1437885228950486e-07
7.265,0.0,77.50000584113084,0,100,1.0,6,1.156659572873173e-07
7.27,0.001684486749771458,77.50000310945893,0,100,1.0,6,6.157344416513495e-08
7.275,0.00456624331333666,77.50000163319106,0,100,1.0,6,3.234041705942254e-08
7.28,0.011079731271581421,77.50000084635671,0,100,1.0,6,1.6759538865618098e-08
7.285,0.024064571490409,77.5000004327471,0,100,1.0,6,8.569249512400364e-09
7.29,0.046784906529573234,77.50000021831278,0,100,1.0,6,4.323025299671295e-09
7.295,0.08141644351188804,77.5000001086647,0,100,1.0,6,2.151776103832757e-09
7.3,0.12682276464025305,77.50000005336567,0,100,1.0,6,1.0567458899134695e-09
7.305,0.1768320708657512,77.50000002585828,0,100,1.0,6,5.120452356950949e-10
7.31,0.22070063230473494,77.50000001236238,0,100,1.0,6,2.447995601608337e-10
7.315,0.24656126505113576,77.50000000583134,0,100,1.0,6,1.154720587575218e-10
7.32,0.24656126505724016,77.50000000271393,0,100,1.0,6,5.374123148693897e-11
7.325,0.220700632329898,77.50000000124622,0,100,1.0,6,2.4677641668309697e-11
7.33,0.17683207093748562,77.50000000056461,0,100,1.0,6,1.1180425122568135e-11
7.335,0.12682276483597799,77.50000000025238,0,100,1.0,6,4.997718410732428e-12
7.34,0.08141644409447898,77.50000000011131,0,100,1.0,6,2.204230197706481e-12
7.345,0.04678490952598309,77.50000000004844,0,100,1.0,6,9.59303044042052e-13
7.35,0.024064605020532023,77.5000000000208,0,100,1.0,6,4.1197408520902444e-13
7.355,0.011080171739334697,77.50000000000881,0,100,1.0,6,1.7446989947376718e-13
7.36,0.004571212771509492,77.50000000000368,0,100,1.0,6,7.28833934898479e-14
7.365,0.0017299316936037438,77.50000000000152,0,100,1.0,6,3.011012781240821e-14
7.37,0.0008899431850697582,77.50000000000061,0,100,1.0,6,1.2100331737696755e-14
7.375,0.002128806368910263,77.50000000000024,0,100,1.0,6,4.783852082345229e-15
7.38,0.009309664818487698,77.5000000000001,0,100,1.0,6,1.969821445671565e-15
7.385,0.03503263543368747,77.50000000000004,0,100,1.0,6,8.442091910020992e-16
7.39,0.10606267793605692,77.50000000000001,0,100,1.0,6,2.814030636673664e-16
7.395,0.25734927343160535,77.5,0,100,1.0,6,0.0
7.4,0.5003202479539708,77.5,0,100,1.0,6,0.0
7.405,0.7793067891790435,77.5,0,100,1.0,6,0.0
7.41,0.9720477407234077,77.50000296249844,1,100,1.0,6,5.866333548744865e-08
7.415,0.967267334488097,77.50000623791465,0,100,1.0,6,1.2352306231771917e-07
7.42,0.7505869905515209,77.50001428061503,0,100,1.0,6,2.827844561111441e-07
7.425,0.4028369574773956,77.50003723221408,0,100,1.0,6,7.372715660071348e-07
7.43,0.04553881263121314,77.5001108437001,0,100,1.0,6,2.194924754443455e-06
7.435,-0.189138810908105,77.5003583964972,0,100,1.0,6,7.096960340696019e-06
7.44,-0.22868072635956738,77.501182171344,0,100,1.0,6,2.340933354452597e-05
7.445,-0.14104670682394166,77.50380467824786,0,100,1.0,6,7.534016332396512e-05
7.45,-0.051158381651102834,77.51165782593294,0,100,1.0,6,0.00023084803827609813
7.455,-0.008206426846427752,77.5335966224769,0,100,1.0,6,0.0006652796530080524
7.46,0.005350271385530505,77.59053331272185,0,100,1.0,6,0.0017927388657791189
7.465,0.01084668799215426,77.72746904695667,0,100,1.0,6,0.00450433756349843
7.47,0.016256859896386415,78.03213843050357,0,100,1.0,6,0.01053739466343693
7.475,0.02345021205790711,78.65824858789371,0,100,1.0,6,0.022935615601855627
7.48,0.0330621597308209,79.8447054890364,0,100,1.0,6,0.04642981166408713
7.485,0.04559141319943196,81.91361678160214,0,100,1.0,6,0.08739835211093355
7.49,0.06149084917446989,85.22452481350312,0,100,1.0,6,0.15296088739610145
7.495,0.08111733445924295,90.06880030306164,0,100,1.0,6,0.2488871347140918
7.5,0.1046628598272375,96.51294300837715,0,100,1.0,6,0.37649392095796336
7.505,0.1320831047748631,104.23854785834601,0,100,1.0,6,0.5294761952147725
7.51,0.16303381314489318,112.45984400219734,0,100,1.0,6,0.6922741386573731
7.515,0.19682662652900276,119.9980053094794,0,100,1.0,6,0.8415446595936514
7.52,0.23241585813229,125.53757473601254,0,100,1.0,6,0.9512391036834167
7.525,0.26842527782774417,128.0,0,100,1.0,6,1.0
7.53,0.30321927900592993,126.89180836635488,0,100,1.0,6,0.9780556112149481
7.535,0.3350163137995362,122.4744115695857,0,100,1.0,6,0.8905824073185287
7.54,0.3620352400956416,115.6764248123543,0,100,1.0,6,0.7559688081654317
7.545,0.3826586036805073,107.78956631187174,0,100,1.0,6,0.5997933923142919
7.55,0.39559233134833227,100.08516728784107,0,100,1.0,6,0.4472310354027935
7.555,0.4,93.50661991231735,0,100,1.0,6,0.3169627705409376
7.56,0.39559233134833227,88.53287890241118,0,100,1.0,6,0.21847284955269672
7.565,0.3826586036805073,85.21553134284277,0,100,1.0,6,0.15278279886817359
7.57,0.3620352400956416,83.32232502267858,0,100,1.0,6,0.1152935648055165
7.575,0.3350163137995362,82.50166604103804,0,100,1.0,6,0.09904289190174327
7.58,0.3032192790059296,82.40734321991523,0,100,1.0,6,0.09717511326564819
7.585,0.26842527782774417,82.76277175392498,0,100,1.0,6,0.1042133020579204
7.59,0.23241585813229,83.37479852576797,0,100,1.0,6,0.1163326440746133
7.595,0.19682662652900276,84.11928489680142,0,100,1.0,6,0.1310749484515132
7.6,0.16303381314489318,84.91824422362451,0,100,1.0,6,0.14689592522028738
7.605,0.13208310477486307,85.71996481329595,0,100,1.0,6,0.16277158046130585
7.61,0.10466285982723562,86.48593626724252,0,100,1.0,6,0.1779393320246044
7.615,0.08111733445917907,87.18404127410177,0,100,1.0,6,0.19176319354656976
7.62,0.06149084917398798,87.78600746918313,0,100,1.0,6,0.20368331622144817
7.625,0.04559141333598128,88.26721388243585,0,100,1.0,6,0.2132121560878387
7.63,0.03306217087257399,88.60753321720543,0,100,1.0,6,0.2199511528159491
7.635,0.02345067901074276,88.79243107822423,0,100,1.0,6,0.22361249659849952
7.64,0.016268788896435526,88.81389846101516,0,100,1.0,6,0.22403759328742884
7.645,0.011039026374860051,88.67099812814219,0,100,1.0,6,0.22120788372558786
7.65,0.007326255555493689,88.36992451308627,0,100,1.0,6,0.21524602996210446
7.655,0.0047556414315231815,87.92355634630057,0,100,1.0,6,0.20640705636238757
7.66,0.0030193390635632803,87.35054249369495,0,100,1.0,6,0.1950602473998999
7.665,0.001874953127946523,86.67401021165833,0,100,1.0,6,0.18166356854768964
7.67,0.0011387927410965778,85.92002012496754,0,100,1.0,6,0.16673307178153537
7.675,0.0006765107634274089,85.11591134258094,0,100,1.0,6,0.15081012559566226
7.68,0.00039307957404427924,84.28868206654177,0,100,1.0,6,0.13442934785231223
7.685,0.00022338910511776318,83.46353675053035,0,100,1.0,6,0.11808983664416539
7.69,0.00012417073320013317,82.66270333596,0,100,1.0,6,0.10223174922693076
7.695,6.750753468904987e-05,81.90458788413636,0,100,1.0,6,0.08721956206210617
7.7,3.5897234866245036e-05,81.20329432496659,0,100,1.0,6,0.07333256089042757
7.705,1.8670050400879738e-05,80.5684992351286,0,100,1.0,6,0.06076236109165541
7.71,9.497421874143672e-06,80.00563985868109,0,100,1.0,6,0.04961663086497214
7.715,4.725434140340885e-06,79.51635092389155,0,100,1.0,6,0.03992774106715943
7.72,2.299606063738814e-06,79.0990735069262,0,100,1.0,6,0.03166482191933075
7.725,1.0945633976635486e-06,78.74975699852942,0,100,1.0,6,0.024747663337216248
7.73,5.095703414287532e-07,78.46258162434901,0,100,1.0,6,0.0190610222643369
7.735,2.3202944964797243e-07,78.23064160050076,0,100,1.0,6,0.014468150504965555
7.74,1.0333746954038608e-07,78.0465451756297,0,100,1.0,6,0.01082267674514263
7.745,4.501406988770349e-08,77.9029049232077,0,100,1.0,6,0.007978315311043564
7.75,0.0,77.792707549016,0,100,1.0,6,0.005796189089425757
7.755,0.0,77.70956565642611,0,100,1.0,6,0.004149814978734806
7.76,0.0,77.64786355410972,0,100,1.0,6,0.0029279911704894867
7.765,0.0,77.60281512541162,0,100,1.0,6,0.0020359430774578983
7.77,0.0,77.57045433470391,0,100,1.0,6,0.0013951353406714971
7.775,0.0,77.54757877616558,0,100,1.0,6,0.0009421539834768215
7.78,0.0,77.5316645744132,0,100,1.0,6,0.0006270212755088895
7.785,0.0,77.5207677230544,0,100,1.0,6,0.00041124204068128704
7.79,0.0,77.51342328935382,0,100,1.0,6,0.00026580770997671236
7.795,0.0,77.50855034936433,0,100,1.0,6,0.00016931384879856045
7.8,0.0,77.50536739563128,0,100,1.0,6,0.00010628506200558573
7.805,0.0,77.50332045956841,0,100,1.0,6,6.575167462205902e-05
7.81,0.0,77.50202435942687,0,100,1.0,6,4.008632528453826e-05
7.815,0.0,77.50121627531419,0,100,1.0,6,2.4084659686974587e-05
7.82,0.0,77.50072016332395,0,100,1.0,6,1.4260659880149135e-05
7.825,0.0,77.50042022796278,0,100,1.0,6,8.321345797576844e-06
7.83,0.0,77.50024165385936,0,100,1.0,6,4.785224937864264e-06
7.835,0.0,77.50013694852625,0,100,1.0,6,2.7118520048958036e-06
7.84,0.0,77.50007648492242,0,100,1.0,6,1.5145529191456019e-06
7.845,0.0,77.50004209680522,0,100,1.0,6,8.336001033035471e-07
7.85,0.0,77.50002283375228,0,100,1.0,6,4.5215351054922745e-07
7.855,0.0,77.50001220563202,0,100,1.0,6,2.416956835243735e-07
7.86,0.001684486749771458,77.5000064298094,0,100,1.0,6,1.2732295847782363e-07
7.865,0.00456624331333666,77.50000333803408,0,100,1.0,6,6.609968468723364e-08
7.87,0.011079731271581421,77.50000170780497,0,100,1.0,6,3.381792018696822e-08
7.875,0.024064571490409,77.50000086107428,0,100,1.0,6,1.7050975918326652e-08
7.88,0.046784906529573234,77.50000042785618,0,100,1.0,6,8.472399582784095e-09
7.885,0.08141644351188804,77.50000020951245,0,100,1.0,6,4.148761387240132e-09
7.89,0.12682276464025305,77.50000010110594,0,100,1.0,6,2.0020978142680844e-09
7.895,0.1768320708657512,77.50000004808376,0,100,1.0,6,9.52153717806519e-10
7.9,0.22070063230473494,77.5000000225359,0,100,1.0,6,4.46255450634174e-10
7.905,0.24656126505113576,77.50000001040894,0,100,1.0,6,2.0611761362605386e-10
7.91,0.24656126505724016,77.50000000473797,0,100,1.0,6,9.38211884420183e-11
7.915,0.220700632329898,77.50000000212536,0,100,1.0,6,4.2086360799027655e-11
7.92,0.17683207093748562,77.50000000093956,0,100,1.0,6,1.8605244957431598e-11
7.925,0.12682276483597799,77.50000000040933,0,100,1.0,6,8.105533845874822e-12
7.93,0.08141644409447898,77.50000000017575,0,100,1.0,6,3.4801116883743206e-12
7.935,0.04678490952598309,77.50000000007437,0,100,1.0,6,1.4725822321713284e-12
7.94,0.024064605020532023,77.50000000003101,0,100,1.0,6,6.140214849221935e-13
7.945,0.011080171739334697,77.50000000001275,0,100,1.0,6,2.5241854810962767e-13
7.95,0.004571212771509492,77.50000000000516,0,100,1.0,6,1.0214931211125401e-13
7.955,0.0017299316936037438,77.50000000000206,0,100,1.0,6,4.080344423176813e-14
7.96,0.0008899431850697582,77.50000000000081,0,100,1.0,6,1.6039974629039884e-14
7.965,0.002128806368910263,77.50000000000031,0,100,1.0,6,6.190867400682061e-15
7.97,0.009309664818487698,77.50000000000011,0,100,1.0,6,2.2512245093389313e-15
7.975,0.03503263543368747,77.50000000000004,0,100,1.0,6,8.442091910020992e-16
7.98,0.10606267793605692,77.50000000000001,0,100,1.0,6,2.814030636673664e-16
7.985,0.25734927343160535,77.5,0,100,1.0,6,0.0
7.99,0.5003202479539708,77.5,0,100,1.0,6,0.0
7.995,0.7793067891790435,77.5,0,100,1.0,6,0.0
8.0,0.9720477407234077,77.50000295858521,1,100,1.0,6,5.858584580720963e-08
8.005,0.967267334488097,77.50000627158161,0,100,1.0,6,1.2418973487865964e-07
8.01,0.7505869905515209,77.50001448202111,0,100,1.0,6,2.867726953417611e-07
8.015,0.4028369574773956,77.5000381880034,0,100,1.0,6,7.56198087153937e-07
8.02,0.04553881263121314,77.50011515393722,0,100,1.0,6,2.2802759844742666e-06
8.025,-0.189138810908105,77.5003768133724,0,100,1.0,6,7.461650938574905e-06
8.03,-0.22868072635956738,77.50125530195008,0,100,1.0,6,2.4857464358047304e-05
8.035,-0.14104670682394166,77.50407161723201,0,100,1.0,6,8.062608380226824e-05
8.04,-0.051158381651102834,77.5125498908563,0,100,1.0,6,0.00024851269022388076
8.045,-0.008206426846427752,77.53632357375037,0,100,1.0,6,0.0007192786881260548
8.05,0.005350271385530505,77.59816032657108,0,100,1.0,6,0.0019437688429916036
8.055,0.01084668799215426,77.74699421583978,0,100,1.0,6,0.004890974571084695
8.06,0.016256859896386415,78.0778955905149,0,100,1.0,6,0.011443477039898991
8.065,0.02345021205790711,78.75638253739591,0,100,1.0,6,0.024878862126651635
8.07,0.0330621597308209,80.03714578164362,0,100,1.0,6,0.050240510527596365
8.075,0.04559141319943196,82.2581074321164,0,100,1.0,6,0.09421994915081988
8.08,0.06149084917446989,85.78593960996649,0,100,1.0,6,0.16407801207854436
8.085,0.08111733445924295,90.89811556558197,0,100,1.0,6,0.26530921912043515
8.09,0.1046628598272375,97.61546592808551,0,100,1.0,6,0.39832605798189136
8.095,0.1320831047748631,105.5415466537269,0,100,1.0,6,0.5552781515589484
8.1,0.16303381314489318,113.79708988561208,0,100,1.0,6,0.7187542551606353
8.105,0.19682662652900276,121.12822094684294,0,100,1.0,6,0.8639251672642168
8.11,0.23241585813229,126.20143333597863,0,100,1.0,6,0.9643848185342304
8.115,0.26842527782774417,128.0,0,100,1.0,6,1.0
8.12,0.30321927900592993,126.16275066678318,0,100,1.0,6,0.9636188250848154
8.125,0.3350163137995362,121.1116044575634,0,100,1.0,6,0.8635961278725426
8.13,0.3620352400956416,113.90717007869759,0,100,1.0,6,0.7209340609643087
8.135,0.3826586036805073,105.90088318147954,0,100,1.0,6,0.5623937263659315
8.14,0.39559233134833227,98.34046706321053,0,100,1.0,6,0.41268251610317874
8.145,0.4,92.08499814602648,0,100,1.0,6,0.28881184447577185
8.15,0.39559233134833227,87.50864038323002,0,100,1.0,6,0.1981908986778221
8.155,0.3826586036805073,84.57442275691706,0,100,1.0,6,0.14008757934489227
8.16,0.3620352400956416,82.99710802083918,0,100,1.0,6,0.10885362417503323
8.165,0.3350163137995362,82.40804661099806,0,100,1.0,6,0.09718904180194171
8.17,0.3032192790059296,82.46851319639717,0,100,1.0,6,0.0983863999286568
8.175,0.26842527782774417,82.92004890238644,0,100,1.0,6,0.10732770103735526
8.18,0.23241585813229,83.58796849171559,0,100,1.0,6,0.12055383151912051
8.185,0.19682662652900276,84.36197804515345,0,100,1.0,6,0.13588075336937525
8.19,0.16303381314489318,85.17248310799981,0,100,1.0,6,0.15193035857425366
8.195,0.13208310477486307,85.97196310008664,0,100,1.0,6,0.1677616455462701
8.2,0.10466285982723562,86.72363196440325,0,100,1.0,6,0.18264617751293571
8.205,0.08111733445917907,87.39605351764324,0,100,1.0,6,0.1959614557949156
8.21,0.06149084917398798,87.9615095120021,0,100,1.0,6,0.20715860419806129
8.215,0.04559141333598128,88.39629447802281,0,100,1.0,6,0.2157682074856002
8.22,0.03306217087257399,88.6817572080628,0,100,1.0,6,0.22142093481312486
8.225,0.02345067901074276,88.80541912343043,0,100,1.0,6,0.2238696856124837
8.23,0.016268788896435526,88.761813641984,0,100,1.0,6,0.22300621073235655
8.235,0.011039026374860051,88.55286824522712,0,100,1.0,6,0.21886867812330923
8.24,0.007326255555493689,88.18775826412227,0,100,1.0,6,0.2116387775073716
8.245,0.0047556414315231815,87.68223746822366,0,100,1.0,6,0.20162846471730023
8.25,0.0030193390635632803,87.05751062541435,0,100,1.0,6,0.18925763614681884
8.255,0.001874953127946523,86.33875969754904,0,100,1.0,6,0.17502494450592151
8.26,0.0011387927410965778,85.55346606508107,0,100,1.0,6,0.15947457554615976
8.265,0.0006765107634274089,84.72968388537797,0,100,1.0,6,0.14316205713619734
8.27,0.00039307957404427924,83.8944140290608,0,100,1.0,6,0.12662205998140194
8.275,0.00022338910511776318,83.07220603434823,0,100,1.0,6,0.11034071355145003
8.28,0.00012417073320013317,82.2840812711329,0,100,1.0,6,0.09473428259669119
8.285,6.750753468904987e-05,81.54682943609703,0,100,1.0,6,0.08013523635835698
8.29,3.5897234866245036e-05,80.87268841585063,0,100,1.0,6,0.06678590922476499
8.295,1.8670050400879738e-05,80.26937973963246,0,100,1.0,6,0.054839202764999116
8.3,9.497421874143672e-06,79.7404423296401,0,100,1.0,6,0.04436519464633868
8.305,4.725434140340885e-06,79.28578839837682,0,100,1.0,6,0.03536214650251135
8.31,2.299606063738814e-06,78.90239771037702,0,100,1.0,6,0.02777025169063399
8.315,1.0945633976635486e-06,78.58506900977153,0,100,1.0,6,0.021486515044980795
8.32,5.095703414287532e-07,78.32715803895881,0,100,1.0,6,0.016379367108095323
8.325,2.3202944964797243e-07,78.12124742111936,0,100,1.0,6,0.012301929131076509
8.33,1.0333746954038608e-07,77.95971182173484,0,100,1.0,6,0.009103204390788959
8.335,4.501406988770349e-08,77.83515963913185,0,100,1.0,6,0.006636824537264261
8.34,0.0,77.74074802073012,0,100,1.0,6,0.004767287539210363
8.345,0.0,77.67038003596295,0,100,1.0,6,0.003373862098276232
8.35,0.0,77.61880087924757,0,100,1.0,6,0.0023524926583677777
8.355,0.0,77.5816141709287,0,100,1.0,6,0.001616122196607968
8.36,0.0,77.5552403549693,0,100,1.0,6,0.0010938684152336571
8.365,0.0,77.53683768391573,0,100,1.0,6,0.0007294590874402959
8.37,0.0,77.52420321967791,0,100,1.0,6,0.00047927167679039497
8.375,0.0,77.51566747236087,0,100,1.0,6,0.0003102469774430597
8.38,0.0,77.50999239747283,0,100,1.0,6,0.00019786925688769166
8.385,0.0,77.50627892699517,0,100,1.0,6,0.00012433518802307088
8.39,0.0,77.50388728278739,0,100,1.0,6,7.697589677997649e-05
8.395,0.0,77.50237111056772,0,100,1.0,6,4.695268450935074e-05
8.4,0.0,77.50142495925365,0,100,1.0,6,2.8217014923849084e-05
8.405,0.0,77.5008437194384,0,100,1.0,6,1.6707315611742756e-05
8.41,0.0,77.50049219662667,0,100,1.0,6,9.746467854781015e-06
8.415,0.0,77.50028289428887,0,100,1.0,6,5.601867106388634e-06
8.42,0.0,77.500160197117,0,100,1.0,6,3.172220138565373e-06
8.425,0.0,77.50008937790716,0,100,1.0,6,1.769859547701092e-06
8.43,0.0,77.50004913043793,0,100,1.0,6,9.728799590006794e-07
8.435,0.0,77.50002660823445,0,100,1.0,7,5.268957316743446e-07
8.44,0.0,77.50001419797643,0,100,1.0,7,2.811480480503822e-07
8.445,0.001684486749771458,77.50000746417498,0,100,1.0,7,1.4780544524280167e-07
8.45,0.00456624331333666,77.50000386618065,0,100,1.0,7,7.6558032643865e-08
8.455,0.011079731271581421,77.50000197300162,0,100,1.0,7,3.906933893676528e-08
8.46,0.024064571490409,77.5000009920138,0,100,1.0,7,1.9643837535707885e-08
8.465,0.046784906529573234,77.50000049142014,0,100,1.0,7,9.731091848710877e-09
8.47,0.08141644351188804,77.50000023984637,0,100,1.0,7,4.749433110821946e-09
8.475,0.12682276464025305,77.50000011533426,0,100,1.0,7,2.2838467223006982e-09
8.48,0.1768320708657512,77.50000005464224,0,100,1.0,7,1.0820246085257727e-09
8.485,0.22070063230473494,77.50000002550607,0,100,1.0,7,5.050706607620992e-10
8.49,0.24656126505113576,77.50000001173015,0,100,1.0,7,2.3228021926133627e-10
8.495,0.24656126505724016,77.50000000531507,0,100,1.0,7,1.0524896685755005e-10
8.5,0.220700632329898,77.50000000237279,0,100,1.0,7,4.698586954054017e-11
8.505,0.17683207093748562,77.50000000104365,0,100,1.0,7,2.066624099573139e-11
8.51,0.12682276483597799,77.50000000045226,0,100,1.0,7,8.955652501213936e-12
8.515,0.08141644409447898,77.5000000001931,0,100,1.0,7,3.823704829112175e-12
8.52,0.04678490952598309,77.50000000008123,0,100,1.0,7,1.6084999119226663e-12
8.525,0.024064605020532023,77.50000000003367,0,100,1.0,7,6.66643857827991e-13
8.53,0.011080171739334697,77.50000000001374,0,100,1.0,7,2.7211676256634333e-13
8.535,0.004571212771509492,77.50000000000553,0,100,1.0,7,1.0946579176660553e-13
8.54,0.0017299316936037438,77.50000000000219,0,100,1.0,7,4.333607180477443e-14
8.545,0.0008899431850697582,77.50000000000085,0,100,1.0,7,1.6884183820041984e-14
8.55,0.002128806368910263,77.50000000000033,0,100,1.0,7,6.472270464349428e-15
8.555,0.009309664818487698,77.50000000000013,0,100,1.0,7,2.5326275730062976e-15
8.56,0.03503263543368747,77.50000000000004,0,100,1.0,7,8.442091910020992e-16
8.565,0.10606267793605692,77.50000000000001,0,100,1.0,7,2.814030636673664e-16
8.57,0.25734927343160535,77.5,0,100,1.0,7,0.0
8.575,0.5003202479539708,77.5,0,100,1.0,7,0.0
8.58,0.7793067891790435,77.5,0,100,1.0,7,0.0
8.585,0.9720477407234077,77.50000296249844,1,100,1.0,7,5.866333548744865e-08
8.59,0.967267334488097,77.50000623791465,0,100,1.0,7,1.2352306231771917e-07
8.595,0.7505869905515209,77.50001428061503,0,100,1.0,7,2.827844561111441e-07
8.6,0.4028369574773956,77.50003723221408,0,100,1.0,7,7.372715660071348e-07
8.605,0.04553881263121314,77.5001108437001,0,100,1.0,7,2.194924754443455e-06
8.61,-0.189138810908105,77.5003583964972,0,100,1.0,7,7.096960340696019e-06
8.615,-0.22868072635956738,77.501182171344,0,100,1.0,7,2.340933354452597e-05
8.62,-0.14104670682394166,77.50380467824786,0,100,1.0,7,7.534016332396512e-05
8.625,-0.051158381651102834,77.51165782593294,0,100,1.0,7,0.00023084803827609813
8.63,-0.008206426846427752,77.5335966224769,0,100,1.0,7,0.0006652796530080524
8.635,0.005350271385530505,77.59053331272185,0,100,1.0,7,0.0017927388657791189
8.64,0.01084668799215426,77.72746904695667,0,100,1.0,7,0.00450433756349843
8.645,0.016256859896386415,78.03213843050357,0,100,1.0,7,0.01053739466343693
8.65,0.02345021205790711,78.65824858789371,0,100,1.0,7,0.022935615601855627
8.655,0.0330621597308209,79.8447054890364,0,100,1.0,7,0.04642981166408713
8.66,0.04559141319943196,81.91361678160214,0,100,1.0,7,0.08739835211093355
8.665,0.06149084917446989,85.22452481350312,0,100,1.0,7,0.15296088739610145
8.67,0.08111733445924295,90.06880030306164,0,100,1.0,7,0.2488871347140918
8.675,0.1046628598272375,96.51294300837715,0,100,1.0,7,0.37649392095796336
8.68,0.1320831047748631,104.23854785834601,0,100,1.0,7,0.5294761952147725
8.685,0.16303381314489318,112.45984400219734,0,100,1.0,7,0.6922741386573731
8.69,0.19682662652900276,119.9980053094794,0,100,1.0,7,0.8415446595936514
8.695,0.23241585813229,125.53757473601254,0,100,1.0,7,0.9512391036834167
8.7,0.26842527782774417,128.0,0,100,1.0,7,1.0
8.705,0.30321927900592993,126.89180836635488,0,100,1.0,7,0.9780556112149481
8.71,0.3350163137995362,122.4744115695857,0,100,1.0,7,0.8905824073185287
8.715,0.3620352400956416,115.6764248123543,0,100,1.0,7,0.7559688081654317
8.72,0.3826586036805073,107.78956631187174,0,100,1.0,7,0.5997933923142919
8.725,0.39559233134833227,100.08516728784107,0,100,1.0,7,0.4472310354027935
8.73,0.4,93.50661991231735,0,100,1.0,7,0.3169627705409376
8.735,0.39559233134833227,88.53287890241118,0,100,1.0,7,0.21847284955269672
8.74,0.3826586036805073,85.21553134284277,0,100,1.0,7,0.15278279886817359
8.745,0.3620352400956416,83.32232502267858,0,100,1.0,7,0.1152935648055165
8.75,0.3350163137995362,82.50166604103804,0,100,1.0,7,0.09904289190174327
8.755,0.3032192790059296,82.40734321991523,0,100,1.0,7,0.09717511326564819
8.76,0.26842527782774417,82.76277175392498,0,100,1.0,7,0.1042133020579204
8.765,0.23241585813229,83.37479852576797,0,100,1.0,7,0.1163326440746133
8.77,0.19682662652900276,84.11928489680142,0,100,1.0,7,0.1310749484515132
8.775,0.16303381314489318,84.91824422362451,0,100,1.0,7,0.14689592522028738
8.78,0.13208310477486307,85.71996481329595,0,100,1.0,7,0.16277158046130585
8.785,0.10466285982723562,86.48593626724252,0,100,1.0,7,0.1779393320246044
8.79,0.08111733445917907,87.18404127410177,0,100,1.0,7,0.19176319354656976
8.795,0.06149084917398798,87.78600746918313,0,100,1.0,7,0.20368331622144817
8.8,0.04559141333598128,88.26721388243585,0,100,1.0,7,0.2132121560878387
8.805,0.03306217087257399,88.60753321720543,0,100,1.0,7,0.2199511528159491
8.81,0.02345067901074276,88.79243107822423,0,100,1.0,7,0.22361249659849952
8.815,0.016268788896435526,88.81389846101516,0,100,1.0,7,0.22403759328742884
8.82,0.011039026374860051,88.67099812814219,0,100,1.0,7,0.22120788372558786
8.825,0.007326255555493689,88.36992451308627,0,100,1.0,7,0.21524602996210446
8.83,0.0047556414315231815,87.92355634630057,0,100,1.0,7,0.20640705636238757
8.835,0.0030193390635632803,87.35054249369495,0,100,1.0,7,0.1950602473998999
8.84,0.001874953127946523,86.67401021165833,0,100,1.0,7,0.18166356854768964
8.845,0.0011387927410965778,85.92002012496754,0,100,1.0,7,0.16673307178153537
8.85,0.0006765107634274089,85.11591134258094,0,100,1.0,7,0.15081012559566226
8.855,0.00039307957404427924,84.28868206654177,0,100,1.0,7,0.13442934785231223
8.86,0.00022338910511776318,83.46353675053035,0,100,1.0,7,0.11808983664416539
8.865,0.00012417073320013317,82.66270333596,0,100,1.0,7,0.10223174922693076
8.87,6.750753468904987e-05,81.90458788413636,0,100,1.0,7,0.08721956206210617
8.875,3.5897234866245036e-05,81.20329432496659,0,100,1.0,7,0.07333256089042757
8.88,1.8670050400879738e-05,80.5684992351286,0,100,1.0,7,0.06076236109165541
8.885,9.497421874143672e-06,80.00563985868109,0,100,1.0,7,0.04961663086497214
8.89,4.725434140340885e-06,79.51635092389155,0,100,1.0,7,0.03992774106715943
8.895,2.299606063738814e-06,79.0990735069262,0,100,1.0,7,0.03166482191933075
8.9,1.0945633976635486e-06,78.74975699852942,0,100,1.0,7,0.024747663337216248
8.905,5.095703414287532e-07,78.46258162434901,0,100,1.0,7,0.0190610222643369
8.91,2.3202944964797243e-07,78.23064160050076,0,100,1.0,7,0.014468150504965555
8.915,1.0333746954038608e-07,78.0465451756297,0,100,1.0,7,0.01082267674514263
8.92,4.501406988770349e-08,77.9029049232077,0,100,1.0,7,0.007978315311043564
8.925,0.0,77.792707549016,0,100,1.0,7,0.005796189089425757
8.93,0.0,77.70956565642611,0,100,1.0,7,0.004149814978734806
8.935,0.0,77.64786355410972,0,100,1.0,7,0.0029279911704894867
8.94,0.0,77.60281512541162,0,100,1.0,7,0.0020359430774578983
8.945,0.0,77.57045433470391,0,100,1.0,7,0.0013951353406714971
8.95,0.0,77.54757877616558,0,100,1.0,7,0.0009421539834768215
8.955,0.0,77.5316645744132,0,100,1.0,7,0.0006270212755088895
8.96,0.0,77.5207677230544,0,100,1.0,7,0.00041124204068128704
8.965,0.0,77.51342328935382,0,100,1.0,7,0.00026580770997671236
8.97,0.0,77.50855034936433,0,100,1.0,7,0.00016931384879856045
8.975,0.0,77.50536739563128,0,100,1.0,7,0.00010628506200558573
8.98,0.0,77.50332045956841,0,100,1.0,7,6.575167462205902e-05
8.985,0.0,77.50202435942687,0,100,1.0,7,4.008632528453826e-05
8.99,0.0,77.50121627531419,0,100,1.0,7,2.4084659686974587e-05
8.995,0.0,77.50072016332395,0,100,1.0,7,1.4260659880149135e-05
9.0,0.0,77.50042022796278,0,100,1.0,7,8.321345797576844e-06
9.005,0.0,77.50024165385936,0,100,1.0,7,4.785224937864264e-06
9.01,0.0,77.50013694852625,0,100,1.0,7,2.7118520048958036e-06
9.015,0.0,77.50007648492242,0,100,1.0,7,1.5145529191456019e-06
9.02,0.0,77.50004209680522,0,100,1.0,7,8.336001033035471e-07
9.025,0.0,77.50002283375228,0,100,1.0,7,4.5215351054922745e-07
9.03,0.0,77.50001220563202,0,100,1.0,7,2.416956835243735e-07
9.035,0.001684486749771458,77.5000064298094,0,100,1.0,7,1.2732295847782363e-07
9.04,0.00456624331333666,77.50000333803408,0,100,1.0,7,6.609968468723364e-08
9.045,0.011079731271581421,77.50000170780497,0,100,1.0,7,3.381792018696822e-08
9.05,0.024064571490409,77.50000086107428,0,100,1.0,7,1.7050975918326652e-08
9.055,0.046784906529573234,77.50000042785618,0,100,1.0,7,8.472399582784095e-09
9.06,0.08141644351188804,77.50000020951245,0,100,1.0,7,4.148761387240132e-09
9.065,0.12682276464025305,77.50000010110594,0,100,1.0,7,2.0020978142680844e-09
9.07,0.1768320708657512,77.50000004808376,0,100,1.0,7,9.52153717806519e-10
9.075,0.22070063230473494,77.5000000225359,0,100,1.0,7,4.46255450634174e-10
9.08,0.24656126505113576,77.50000001040894,0,100,1.0,7,2.0611761362605386e-10
9.085,0.24656126505724016,77.50000000473797,0,100,1.0,7,9.38211884420183e-11
9.09,0.220700632329898,77.50000000212536,0,100,1.0,7,4.2086360799027655e-11
9.095,0.17683207093748562,77.50000000093956,0,100,1.0,7,1.8605244957431598e-11
9.1,0.12682276483597799,77.50000000040933,0,100,1.0,7,8.105533845874822e-12
9.105,0.08141644409447898,77.50000000017575,0,100,1.0,7,3.4801116883743206e-12
9.11,0.04678490952598309,77.50000000007437,0,100,1.0,7,1.4725822321713284e-12
9.115,0.024064605020532023,77.50000000003101,0,100,1.0,7,6.140214849221935e-13
9.12,0.011080171739334697,77.50000000001275,0,100,1.0,7,2.5241854810962767e-13
9.125,0.004571212771509492,77.50000000000516,0,100,1.0,7,1.0214931211125401e-13
9.13,0.0017299316936037438,77.50000000000206,0,100,1.0,7,4.080344423176813e-14
9.135,0.0008899431850697582,77.50000000000081,0,100,1.0,7,1.6039974629039884e-14
9.14,0.002128806368910263,77.50000000000031,0,100,1.0,7,6.190867400682061e-15
9.145,0.009309664818487698,77.50000000000011,0,100,1.0,7,2.2512245093389313e-15
9.15,0.03503263543368747,77.50000000000004,0,100,1.0,7,8.442091910020992e-16
9.155,0.10606267793605692,77.50000000000001,0,100,1.0,7,2.814030636673664e-16
9.16,0.25734927343160535,77.5,0,100,1.0,7,0.0
9.165,0.5003202479539708,77.5,0,100,1.0,7,0.0
9.17,0.7793067891790435,77.5,0,100,1.0,7,0.0
9.175,0.9720477407234077,77.5000029761183,1,100,1.0,7,5.8933035560504224e-08
9.18,0.967267334488097,77.50000618532628,0,100,1.0,7,1.2248170861258217e-07
9.185,0.7505869905515209,77.50001392552794,0,100,1.0,7,2.7575302847298647e-07
9.19,0.4028369574773956,77.50003551779191,0,100,1.0,7,7.033226121719882e-07
9.195,0.04553881263121314,77.50010313559092,0,100,1.0,7,2.0422889290915523e-06
9.2,-0.189138810908105,77.50032572609189,0,100,1.0,7,6.450021621528529e-06
9.205,-0.22868072635956738,77.50105352781613,0,100,1.0,7,2.0861936952983477e-05
9.21,-0.14104670682394166,77.50333849843346,0,100,1.0,7,6.610887987058545e-05
9.215,-0.051158381651102834,77.51010867794061,0,100,1.0,7,0.00020017184040806803
9.22,-0.008206426846427752,77.52887923627338,0,100,1.0,7,0.0005718660648194646
9.225,0.005350271385530505,77.57736547743413,0,100,1.0,7,0.0015319896521609532
9.23,0.01084668799215426,77.6937614840257,0,100,1.0,7,0.003836861069815838
9.235,0.016256859896386415,77.95299178483792,0,100,1.0,7,0.008970134353226137
9.24,0.02345021205790711,78.48782060961162,0,100,1.0,7,0.019560804150725097
9.245,0.0330621597308209,79.50840637712494,0,100,1.0,7,0.03977042330940479
9.25,0.04559141319943196,81.30639038119868,0,100,1.0,7,0.07537406695442934
9.255,0.06149084917446989,84.22371682098306,0,100,1.0,7,0.13314290734619916
9.26,0.08111733445924295,88.56905596488694,0,100,1.0,7,0.2191892270274642
9.265,0.1046628598272375,94.48254071967199,0,100,1.0,7,0.3362879350430097
9.27,0.1320831047748631,101.78187771882364,0,100,1.0,7,0.4808292617588839
9.275,0.16303381314489318,109.85607098931862,0,100,1.0,7,0.6407142770162104
9.28,0.19682662652900276,117.68289868067583,0,100,1.0,7,0.7957009639737789
9.285,0.23241585813229,124.01296766753546,0,100,1.0,7,0.9210488647036725
9.29,0.26842527782774417,127.69015041412591,0,100,1.0,7,0.9938643646361566
9.295,0.30321927900592993,128.0,0,100,1.0,7,1.0
9.3,0.3350163137995362,124.90331438199323,0,100,1.0,7,0.9386794927127372
9.305,0.3620352400956416,119.0509908262225,0,100,1.0,7,0.8227918975489604
9.31,0.3826586036805073,111.57334395352093,0,100,1.0,7,0.6747196822479392
9.315,0.39559233134833227,103.73799888891169,0,100,1.0,7,0.5195643344338948
9.32,0.4,96.61848240541384,0,100,1.0,7,0.3785838100081949
9.325,0.39559233134833227,90.88948241854119,0,100,1.0,7,0.265138265713687
9.33,0.3826586036805073,86.7893676493135,0,100,1.0,7,0.18394787424383177
9.335,0.3620352400956416,84.21448228450262,0,100,1.0,7,0.13296004523767568
9.34,0.3350163137995362,82.8706742557033,0,100,1.0,7,0.10634998526145162
9.345,0.3032192790059296,82.41285373443978,0,100,1.0,7,0.09728423236514412
9.35,0.26842527782774417,82.53508919471457,0,100,1.0,7,0.09970473652900144
9.355,0.23241585813229,83.00723630449004,0,100,1.0,7,0.10905418424732743
9.36,0.19682662652900276,83.67399525905368,0,100,1.0,7,0.12225733186244916
9.365,0.16303381314489318,84.43655035035052,0,100,1.0,7,0.13735743268020822
9.37,0.13208310477486307,85.23167363197578,0,100,1.0,7,0.15310244815793625
9.375,0.10466285982723562,86.01556443973125,0,100,1.0,7,0.1686250384105198
9.38,0.08111733445917907,86.75400535564901,0,100,1.0,7,0.18324763080493095
9.385,0.06149084917398798,87.41763420030695,0,100,1.0,7,0.19638879604568216
9.39,0.04559141333598128,87.98046505761806,0,100,1.0,7,0.20753396153699133
9.395,0.03306217087257399,88.42010861624007,0,100,1.0,7,0.2162397745790113
9.4,0.02345067901074276,88.71867720825321,0,100,1.0,7,0.22215202392580616
9.405,0.016268788896435526,88.86378878992376,0,100,1.0,7,0.2250255205925497
9.41,0.011039026374860051,88.84935272165478,0,100,1.0,7,0.22473965785455013
9.415,0.007326255555493689,88.67597412457343,0,100,1.0,7,0.22130641830838474
9.42,0.0047556414315231815,88.3509063891692,0,100,1.0,7,0.21486943344889498
9.425,0.0030193390635632803,87.88754641372572,0,100,1.0,7,0.20569398839060823
9.43,0.001874953127946523,87.30451845386142,0,100,1.0,7,0.19414888027448354
9.435,0.0011387927410965778,86.62443306399382,0,100,1.0,7,0.18068184285136277
9.44,0.0006765107634274089,85.87243609243906,0,100,1.0,7,0.16579081371166454
9.445,0.00039307957404427924,85.07467708397961,0,100,1.0,7,0.1499936056233586
9.45,0.00022338910511776318,84.25682600304509,0,100,1.0,7,0.13379853471376418
9.455,0.00012417073320013317,83.4427529734118,0,100,1.0,7,0.11767827670122376
9.46,6.750753468904987e-05,82.65346049137668,0,100,1.0,7,0.10204872260151836
9.465,3.5897234866245036e-05,81.90632528007868,0,100,1.0,7,0.087253965942152
9.47,1.8670050400879738e-05,81.21467213191562,0,100,1.0,7,0.07355786399832911
9.475,9.497421874143672e-06,80.58766909939999,0,100,1.0,7,0.06114196236435621
9.48,4.725434140340885e-06,80.03050585017243,0,100,1.0,7,0.05010902673608776
9.485,2.299606063738814e-06,79.54479733357823,0,100,1.0,7,0.04049103630847982
9.49,1.0945633976635486e-06,79.12914419384192,0,100,1.0,7,0.03226028106617671
9.495,5.095703414287532e-07,78.77977938473101,0,100,1.0,7,0.025342166034277518
9.5,2.3202944964797243e-07,78.49123590647207,0,100,1.0,7,0.019628433791526147
9.505,1.0333746954038608e-07,78.25698150946495,0,100,1.0,7,0.014989732860692077
9.51,4.501406988770349e-08,78.06998030229119,0,100,1.0,7,0.01128673865923139
9.515,0.0,77.9231562441036,0,100,1.0,7,0.008379331566407817
9.52,0.0,77.80974762879951,0,100,1.0,7,0.006133616411871556
9.525,0.0,77.72355354312545,0,100,1.0,7,0.004426802834167279
9.53,0.0,77.65908215107021,0,100,1.0,7,0.0031501416053506637
9.535,0.0,77.61161631556492,0,100,1.0,7,0.002210224070592399
9.54,0.0,77.5772147447986,0,100,1.0,7,0.0015290048474969466
9.545,0.0,77.55266706642777,0,100,1.0,7,0.001042912206490556
9.55,0.0,77.53541965668042,0,100,1.0,7,0.0007013793402062909
9.555,0.0,77.52348636988228,0,100,1.0,7,0.0004650766313322339
9.56,0.0,77.51535513982303,0,100,1.0,7,0.00030406217471344875
9.565,0.0,77.50989824011825,0,100,1.0,7,0.0001960047548167684
9.57,0.0,77.50629112804937,0,100,1.0,7,0.00012457679305681935
9.575,0.0,77.50394244274653,0,100,1.0,7,7.80681731987105e-05
9.58,0.0,77.50243595126653,0,100,1.0,7,4.8236658743251e-05
9.585,0.0,77.50148401443865,0,100,1.0,7,2.9386424527632303e-05
9.59,0.0,77.50089140278692,0,100,1.0,7,1.7651540335041004e-05
9.595,0.0,77.50052792980212,0,100,1.0,7,1.045405548748337e-05
9.6,0.0,77.50030827953894,0,100,1.0,7,6.104545325579148e-06
9.605,0.0,77.50017749231459,0,100,1.0,7,3.5146992988441947e-06
9.61,0.0,77.5001007582777,0,100,1.0,7,1.995213419730693e-06
9.615,0.0,77.50005639599301,0,100,1.0,7,1.1167523368975266e-06
9.62,0.0,77.50003112304574,0,100,1.0,7,6.162979355277718e-07
9.625,0.0,77.5000169348855,0,100,1.0,7,3.35344267206424e-07
9.63,0.0,77.50000908549865,0,100,1.0,7,1.7991086429217397e-07
9.635,0.001684486749771458,77.50000480597605,0,100,1.0,7,9.516784252179542e-08
9.64,0.00456624331333666,77.50000250657536,0,100,1.0,8,4.963515556762041e-08
9.645,0.011079731271581421,77.50000128898024,0,100,1.0,8,2.5524361256042774e-08
9.65,0.024064571490409,77.5000006535489,0,100,1.0,8,1.2941562277269936e-08
9.655,0.046784906529573234,77.5000003267204,0,100,1.0,8,6.469710822082309e-09
9.66,0.08141644351188804,77.50000016104258,0,100,1.0,8,3.1889619481937712e-09
9.665,0.12682276464025305,77.50000007826571,0,100,1.0,8,1.5498161170254738e-09
9.67,0.1768320708657512,77.50000003750323,0,100,1.0,8,7.426381621866816e-10
9.675,0.22070063230473494,77.50000001771872,0,100,1.0,8,3.508657215152738e-10
9.68,0.24656126505113576,77.50000000825395,0,100,1.0,8,1.6344452743927976e-10
9.685,0.24656126505724016,77.50000000379104,0,100,1.0,8,7.5070176697607e-11
9.69,0.220700632329898,77.5000000017168,0,100,1.0,8,3.399602271859087e-11
9.695,0.17683207093748562,77.50000000076656,0,100,1.0,8,1.517944406034508e-11
9.7,0.12682276483597799,77.50000000033748,0,100,1.0,8,6.682759955972617e-12
9.705,0.08141644409447898,77.50000000014649,0,100,1.0,8,2.900702780283213e-12
9.71,0.04678490952598309,77.5000000000627,0,100,1.0,8,1.2415503169004206e-12
9.715,0.024064605020532023,77.50000000002646,0,100,1.0,8,5.239725045486363e-13
9.72,0.011080171739334697,77.50000000001101,0,100,1.0,8,2.1808737434220896e-13
9.725,0.004571212771509492,77.50000000000452,0,100,1.0,8,8.948617424622252e-14
9.73,0.0017299316936037438,77.50000000000182,0,100,1.0,8,3.60195921494229e-14
9.735,0.0008899431850697582,77.50000000000072,0,100,1.0,8,1.4351556247035687e-14
9.74,0.002128806368910263,77.50000000000028,0,100,1.0,8,5.6280612733473285e-15
9.745,0.009309664818487698,77.50000000000011,0,100,1.0,8,2.2512245093389313e-15
9.75,0.03503263543368747,77.50000000000004,0,100,1.0,8,8.442091910020992e-16
9.755,0.10606267793605692,77.50000000000001,0,100,1.0,8,2.814030636673664e-16
9.76,0.25734927343160535,77.5,0,100,1.0,8,0.0
9.765,0.5003202479539708,77.5,0,100,1.0,8,0.0
9.77,0.7793067891790435,77.5,0,100,1.0,8,0.0
9.775,0.9720477407234077,77.50000297482039,1,100,1.0,8,5.8907334455893355e-08
9.78,0.967267334488097,77.50000582895335,0,100,1.0,8,1.1542481878101477e-07
9.785,0.7505869905515209,77.50001218448925,0,100,1.0,8,2.412770148602798e-07
9.79,0.4028369574773956,77.50002820524271,0,100,1.0,8,5.585196577000472e-07
9.795,0.04553881263121314,77.5000732029506,0,100,1.0,8,1.449563378268031e-06
9.8,-0.189138810908105,77.50020724976795,0,100,1.0,8,4.103955801059386e-06
9.805,-0.22868072635956738,77.50061023923335,0,100,1.0,8,1.2083945214913407e-05
9.81,-0.14104670682394166,77.50179256556841,0,100,1.0,8,3.549634788926975e-05
9.815,-0.051158381651102834,77.50511484099445,0,100,1.0,8,0.00010128398008815241
9.82,-0.008206426846427752,77.51396870109211,0,100,1.0,8,0.0002766079424180355
9.825,0.005350271385530505,77.53623262703964,0,100,1.0,8,0.0007174777631611492
9.83,0.01084668799215426,77.58890805682125,0,100,1.0,8,0.0017605555806188805
9.835,0.016256859896386415,77.70596109420195,0,100,1.0,8,0.004078437508949568
9.84,0.02345021205790711,77.94994327901777,0,100,1.0,8,0.00890976790134205
9.845,0.0330621597308209,78.42640554665691,0,100,1.0,8,0.01834466429023582
9.85,0.04559141319943196,79.29709768806333,0,100,1.0,8,0.03558609283293726
9.855,0.06149084917446989,80.7838816626191,0,100,1.0,8,0.06502735965582365
9.86,0.08111733445924295,83.15198799100372,0,100,1.0,8,0.11192055427730142
9.865,0.1046628598272375,86.66190241168549,0,100,1.0,8,0.18142381013238593
9.87,0.1320831047748631,91.48704843050832,0,100,1.0,8,0.27697125604966977
9.875,0.16303381314489318,97.61020096290896,0,100,1.0,8,0.39822180124572204
9.88,0.19682662652900276,104.73063061163819,0,100,1.0,8,0.5392204081512513
9.885,0.23241585813229,112.22628758299108,0,100,1.0,8,0.6876492590691302
9.89,0.26842527782774417,119.209627596154,0,100,1.0,8,0.8259332197258217
9.895,0.30321927900592993,124.68715477375247,0,100,1.0,8,0.9343991044307419
9.9,0.3350163137995362,127.78941352703112,0,100,1.0,8,0.9958299708322993
9.905,0.3620352400956416,128.0,0,100,1.0,8,1.0
9.91,0.3826586036805073,125.30121575152813,0,100,1.0,8,0.9465587277530323
9.915,0.39559233134833227,120.18034119851458,0,100,1.0,8,0.8451552712577145
9.92,0.4,113.49403445375758,0,100,1.0,8,0.7127531575001501
9.925,0.39559233134833227,106.24312073628462,0,100,1.0,8,0.5691707076492005
9.93,0.3826586036805073,99.33935599846077,0,100,1.0,8,0.43246249501902523
9.935,0.3620352400956416,93.43780759195062,0,100,1.0,8,0.31560015033565575
9.94,0.3350163137995362,88.87185418608688,0,100,1.0,8,0.22518523140766095
9.945,0.3032192790059296,85.68402210388078,0,100,1.0,8,0.16205984364120354
9.95,0.26842527782774417,83.71560620831526,0,100,1.0,8,0.12308131105574782
9.955,0.23241585813229,82.71044536105052,0,100,1.0,8,0.10317713586238648
9.96,0.19682662652900276,82.39942555145443,0,100,1.0,8,0.09701832775157283
9.965,0.16303381314489318,82.5512309649664,0,100,1.0,8,0.10002437554388897
9.97,0.13208310477486307,82.99117359548086,0,100,1.0,8,0.10873611080160117
9.975,0.10466285982723562,83.59850375339822,0,100,1.0,8,0.12076245056234097
9.98,0.08111733445917907,84.29375139421232,0,100,1.0,8,0.13452973057846182
9.985,0.06149084917398798,85.02453323162025,0,100,1.0,8,0.1490006580518862
9.99,0.04559141333598128,85.75415419045677,0,100,1.0,8,0.1634485978308272
9.995,0.03306217087257399,86.45417274106126,0,100,1.0,8,0.17731035130814368
10.0,0.02345067901074276,87.10040645984597,0,100,1.0,8,0.19010705861081129
10.005,0.016268788896435526,87.6713129835381,0,100,1.0,8,0.20141213828788318
10.01,0.011039026374860051,88.14775760329132,0,100,1.0,8,0.2108466852136896
10.015,0.007326255555493689,88.5134568519284,0,100,1.0,8,0.21808825449363162
10.02,0.0047556414315231815,88.75565275625378,0,100,1.0,8,0.22288421299512437
10.025,0.0030193390635632803,88.86575895419283,0,100,1.0,8,0.22506453374639263
10.03,0.001874953127946523,88.83983405370527,0,100,1.0,8,0.22455116938030248
10.035,0.0011387927410965778,88.67880558598064,0,100,1.0,8,0.2213624868511018
10.04,0.0006765107634274089,88.38841185208784,0,100,1.0,8,0.21561211588292756
10.045,0.00039307957404427924,87.97886161222259,0,100,1.0,8,0.20750221014302153
10.05,0.00022338910511776318,87.46423814315004,0,100,1.0,8,0.19731164639901072
10.055,0.00012417073320013317,86.8616956972722,0,100,1.0,8,0.1853801128172712
10.06,6.750753468904987e-05,86.19051212899733,0,100,1.0,8,0.17208934908905596
10.065,3.5897234866245036e-05,85.47107045676482,0,100,1.0,8,0.15784297934187763
10.07,1.8670050400879738e-05,84.72384391841842,0,100,1.0,8,0.14304641422610742
10.075,9.497421874143672e-06,83.96845390812022,0,100,1.0,8,0.1280881962004005
10.08,4.725434140340885e-06,83.22285905389919,0,100,1.0,8,0.11332394166137001
10.085,2.299606063738814e-06,82.50271820124429,0,100,1.0,8,0.09906372675731272
10.09,1.0945633976635486e-06,81.82095216403631,0,100,1.0,8,0.0855634091888379
10.095,5.095703414287532e-07,81.18751083200898,0,100,1.0,8,0.07302001647542539
10.1,2.3202944964797243e-07,80.60933545563019,0,100,1.0,8,0.06157099912138985
10.105,1.0333746954038608e-07,80.09049215613837,0,100,1.0,8,0.05129687437897757
10.11,4.501406988770349e-08,79.6324429058189,0,100,1.0,8,0.04222659219443377
10.115,0.0,79.23441480011142,0,100,1.0,8,0.03434484752695888
10.12,0.0,78.89382727108968,0,100,1.0,8,0.02760054002157776
10.125,0.0,78.60673940294778,0,100,1.0,8,0.02191563174154022
10.13,0.0,78.36828483344408,0,100,1.0,8,0.017193759078100578
10.135,0.0,78.17306884141654,0,100,1.0,8,0.013328095869634399
10.14,0.0,78.01551010783703,0,100,1.0,8,0.010208120947267935
10.145,0.0,77.89011739198064,0,100,1.0,8,0.0077250968709037275
10.15,0.0,77.79169827936764,0,100,1.0,8,0.005776203551834392
10.155,0.0,77.71550276692628,0,100,1.0,8,0.004267381523292632
10.16,0.0,77.65730852609023,0,100,1.0,8,0.0031150203186184784
10.165,0.0,77.6134572104197,0,100,1.0,8,0.002246677434053391
10.17,0.0,77.58085229814589,0,100,1.0,8,0.0016010356068492083
10.175,0.0,77.55692893566152,0,100,1.0,8,0.0011273056566637079
10.18,0.0,77.53960538031276,0,100,1.0,8,0.0007842649566884016
10.185,0.0,77.5272242384317,0,100,1.0,8,0.0005390938303306858
10.19,0.0,77.51849003441343,0,100,1.0,8,0.00036613929531548515
10.195,0.0,77.51240795264492,0,100,1.0,8,0.0002457020325726888
10.2,0.0,77.50822702776999,0,100,1.0,8,0.00016291144098991116
10.205,0.0,77.50538972029054,0,100,1.0,8,0.00010672713446608961
10.21,0.0,77.5034887505611,0,100,1.0,8,6.908416952680932e-05
10.215,0.0,77.50223127982962,0,100,1.0,8,4.4183759002288585e-05
10.22,0.0,77.5014099982958,0,100,1.0,8,2.792075833264726e-05
10.225,0.0,77.50088036661307,0,100,1.0,8,1.7433002239100138e-05
10.23,0.0,77.50054311146208,0,100,1.0,8,1.0754682417407568e-05
10.235,0.0,77.50033105092136,0,100,1.0,8,6.55546378931768e-06
10.24,0.0,77.5001993797566,0,100,1.0,8,3.948113991969372e-06
10.245,0.0,77.50011864453815,0,100,1.0,8,2.349396795006043e-06
10.25,0.0,77.50006975813591,0,100,1.0,8,1.3813492258951456e-06
10.255,0.0,77.50004052494289,0,100,1.0,8,8.02474116622167e-07
10.26,0.0,77.50002326110729,0,100,1.0,8,4.606159858901652e-07
10.265,0.0,77.50001319224734,0,100,1.0,8,2.6123262053864317e-07
10.27,0.0,77.5000073924367,0,100,1.0,8,1.4638488515080136e-07
10.275,0.0,77.50000409295407,0,100,1.0,8,8.104859547853662e-08
10.28,0.0,77.50000223906426,0,100,1.0,8,4.4337906107859163e-08
10.285,0.001684486749771458,77.5000012102544,0,100,1.0,8,2.3965433589218815e-08
10.29,0.00456624331333666,77.50000064634919,0,100,1.0,8,1.2798993917511884e-08
10.295,0.011079731271581421,77.5000003410658,0,100,1.0,8,6.753778209956478e-09
10.3,0.024064571490409,77.50000017782368,0,100,1.0,8,3.521260976971336e-09
10.305,0.046784906529573234,77.50000009160547,0,100,1.0,8,1.813969735696158e-09
10.31,0.08141644351188804,77.5000000466266,0,100,1.0,8,9.232989290611309e-10
10.315,0.12682276464025305,77.5000000234491,0,100,1.0,8,4.643386929085026e-10
10.32,0.1768320708657512,77.50000001165198,0,100,1.0,8,2.3073222100810208e-10
10.325,0.22070063230473494,77.50000000572075,0,100,1.0,8,1.1328218011606236e-10
10.33,0.24656126505113576,77.50000000277515,0,100,1.0,8,5.4953515885217984e-11
10.335,0.24656126505724016,77.50000000133015,0,100,1.0,8,2.6339608162329164e-11
10.34,0.220700632329898,77.50000000062994,0,100,1.0,8,1.2474035006247018e-11
10.345,0.17683207093748562,77.50000000029476,0,100,1.0,8,5.836862346588514e-12
10.35,0.12682276483597799,77.50000000013628,0,100,1.0,8,2.698655380570044e-12
10.355,0.08141644409447898,77.50000000006226,0,100,1.0,8,1.2328268219267323e-12
10.36,0.04678490952598309,77.5000000000281,0,100,1.0,8,5.563338568703834e-13
10.365,0.024064605020532023,77.50000000001253,0,100,1.0,8,2.481975021546172e-13
10.37,0.011080171739334697,77.50000000000551,0,100,1.0,8,1.0918438870293816e-13
10.375,0.004571212771509492,77.5000000000024,0,100,1.0,8,4.755711775978492e-14
10.38,0.0017299316936037438,77.50000000000104,0,100,1.0,8,2.0542423647717747e-14
10.385,0.0008899431850697582,77.50000000000044,0,100,1.0,8,8.723494973688359e-15
10.39,0.002128806368910263,77.50000000000018,0,100,1.0,8,3.6582398276757634e-15
10.395,0.009309664818487698,77.50000000000007,0,100,1.0,8,1.4070153183368321e-15
10.4,0.03503263543368747,77.50000000000003,0,100,1.0,8,5.628061273347328e-16
10.405,0.10606267793605692,77.50000000000001,0,100,1.0,8,2.814030636673664e-16
10.41,0.25734927343160535,77.5,0,100,1.0,8,0.0
10.415,0.5003202479539708,77.5,0,100,1.0,8,0.0
10.42,0.7793067891790435,77.5,0,100,1.0,8,0.0
10.425,0.9720477407234077,77.5000029632167,1,100,1.0,8,5.867755844249559e-08
10.43,0.967267334488097,77.50000632443192,0,100,1.0,8,1.252362756864692e-07
10.435,0.7505869905515209,77.50001473324576,0,100,1.0,8,2.917474408505849e-07
10.44,0.4028369574773956,77.50003930345265,0,100,1.0,8,7.782861911378535e-07
10.445,0.04553881263121314,77.50012007178523,0,100,1.0,8,2.37765911352014e-06
10.45,-0.189138810908105,77.50039768906025,0,100,1.0,8,7.875030896043021e-06
10.455,-0.22868072635956738,77.50133813309903,0,100,1.0,8,2.6497685129220596e-05
10.46,-0.14104670682394166,77.50437429970992,0,100,1.0,8,8.661979623609861e-05
10.465,-0.051158381651102834,77.51356283545961,0,100,1.0,8,0.0002685709992001851
10.47,-0.008206426846427752,77.539423280672,0,100,1.0,8,0.0007806590232078606
10.475,0.005350271385530505,77.60683292766095,0,100,1.0,8,0.0021155035180385365
10.48,0.01084668799215426,77.7691843879838,0,100,1.0,8,0.005330383920471266
10.485,0.016256859896386415,78.1298195737859,0,100,1.0,8,0.012471674728433559
10.49,0.02345021205790711,78.8674564682652,0,100,1.0,8,0.027078345906241648
10.495,0.0330621597308209,80.25416185836706,0,100,1.0,8,0.05453785858152585
10.5,0.04559141319943196,82.64472323642266,0,100,1.0,8,0.10187570765193393
10.505,0.06149084917446989,86.41224109374863,0,100,1.0,8,0.17648002165838877
10.51,0.08111733445924295,91.81665598492147,0,100,1.0,8,0.2834981383152766
10.515,0.1046628598272375,98.826395638257,0,100,1.0,8,0.42230486412390095
10.52,0.1320831047748631,106.95895384922622,0,100,1.0,8,0.5833456207767568
10.525,0.16303381314489318,115.23602411394728,0,100,1.0,8,0.7472480022563818
10.53,0.19682662652900276,122.32971667135199,0,100,1.0,8,0.8877171618089502
10.535,0.23241585813229,126.89775582948093,0,100,1.0,8,0.9781733827619986
10.54,0.26842527782774417,128.0,0,100,1.0,8,1.0
10.545,0.30321927900592993,125.42125272540896,0,100,1.0,8,0.9489356975328508
10.55,0.3350163137995362,119.74965133212939,0,100,1.0,8,0.8366267590520671
10.555,0.3620352400956416,112.17257946470455,0,100,1.0,8,0.6865857319743476
10.56,0.3826586036805073,104.08785511981466,0,100,1.0,8,0.5264921805903894
10.565,0.39559233134833227,96.70488803956961,0,100,1.0,8,0.38029481266474474
10.57,0.4,90.78889417401182,0,100,1.0,8,0.2631464192873627
10.575,0.39559233134833227,86.60772759605685,0,100,1.0,8,0.18035104150607617
10.58,0.3826586036805073,84.04089578195409,0,100,1.0,8,0.12952268875156617
10.585,0.3620352400956416,82.75786879881116,0,100,1.0,8,0.10411621383784475
10.59,0.3350163137995362,82.37959366821764,0,100,1.0,8,0.09662561719242846
10.595,0.3032192790059296,82.57856812118584,0,100,1.0,8,0.1005657053700166
10.6,0.26842527782774417,83.11531036543767,0,100,1.0,8,0.11119426466213198
10.605,0.23241585813229,83.83263983129649,0,100,1.0,8,0.12539880854052454
10.61,0.19682662652900276,84.63250912217958,0,100,1.0,8,0.14123780439959574
10.615,0.16303381314489318,85.45226040314074,0,100,1.0,8,0.1574705030324899
10.62,0.13208310477486307,86.2475629773933,0,100,1.0,8,0.1732190688592733
10.625,0.10466285982723562,86.98281595132833,0,100,1.0,8,0.18777853368966999
10.63,0.08111733445917907,87.62707318852279,0,100,1.0,8,0.20053610274302547
10.635,0.06149084917398798,88.15320332098976,0,100,1.0,8,0.21095452120771804
10.64,0.04559141333598128,88.5385782151131,0,100,1.0,8,0.21858570722996248
10.645,0.03306217087257399,88.76624892522591,0,100,1.0,8,0.22309403812328532
10.65,0.02345067901074276,88.82603771663241,0,100,1.0,8,0.22427797458678045
10.655,0.016268788896435526,88.71524935893723,0,100,1.0,8,0.22208414572152926
10.66,0.011039026374860051,88.43886075670979,0,100,1.0,8,0.2166111040932631
10.665,0.007326255555493689,88.00914720955005,0,100,1.0,8,0.20810192494158516
10.67,0.0047556414315231815,87.44477763798974,0,100,1.0,8,0.19692628986118307
10.675,0.0030193390635632803,86.76946988444872,0,100,1.0,8,0.18355385909799454
10.68,0.001874953127946523,86.0103405328122,0,100,1.0,8,0.16852159470915234
10.685,0.0011387927410965778,85.1961087935566,0,100,1.0,8,0.15239819393181395
10.69,0.0006765107634274089,84.35531914558466,0,100,1.0,8,0.13574889397197343
10.695,0.00039307957404427924,83.51473332893123,0,100,1.0,8,0.11910363027586592
10.7,0.00022338910511776318,82.69801221580293,0,100,1.0,8,0.10293093496639472
10.705,0.00012417073320013317,81.92476728085217,0,100,1.0,8,0.08761915407628051
10.71,6.750753468904987e-05,81.2100160794701,0,100,1.0,8,0.07346566494000187
10.715,3.5897234866245036e-05,80.56403251225963,0,100,1.0,8,0.06067391113385405
10.72,1.8670050400879738e-05,79.99254590939884,0,100,1.0,8,0.04935734474057114
10.725,9.497421874143672e-06,79.49721667177356,0,100,1.0,8,0.039548844985615
10.73,4.725434140340885e-06,79.07630197143015,0,100,1.0,8,0.031213900424359505
10.735,2.299606063738814e-06,78.72542256815419,0,100,1.0,8,0.024265793428795777
10.74,1.0945633976635486e-06,78.43834933264405,0,100,1.0,8,0.018581174903842604
10.745,5.095703414287532e-07,78.20774277436361,0,100,1.0,8,0.01401470840323979
10.75,2.3202944964797243e-07,78.02579755035103,0,100,1.0,8,0.010411832680218405
10.755,1.0333746954038608e-07,77.88476352268945,0,100,1.0,8,0.007619079657216909
10.76,4.501406988770349e-08,77.77733293361308,0,100,1.0,8,0.005491741259664978
10.765,0.0,77.69689796089891,0,100,1.0,8,0.0038989695227506687
10.77,0.0,77.63769342762592,0,100,1.0,8,0.0027266025272459243
10.775,0.0,77.59484565128201,0,100,1.0,8,0.0018781317085547404
10.78,0.0,77.56435078582085,0,100,1.0,8,0.0012742729865514734
10.785,0.0,77.54300535190977,0,100,1.0,8,0.0008515911269261333
10.79,0.0,77.52830892491497,0,100,1.0,8,0.0005605727705934027
10.795,0.0,77.5183550878223,0,100,1.0,8,0.0003634670855901034
10.8,0.0,77.51172254143796,0,100,1.0,8,0.0002321295334249863
10.805,0.0,77.50737427460564,0,100,1.0,8,0.00014602523971560832
10.81,0.0,77.50456929349846,0,100,1.0,8,9.04810593755032e-05
10.815,0.0,77.5027887592473,0,100,1.0,8,5.522295539198113e-05
10.82,0.0,77.50167650638357,0,100,1.0,8,3.319814620940318e-05
10.825,0.0,77.50099273108047,0,100,1.0,8,1.9658041197479378e-05
10.83,0.0,77.50057901557518,0,100,1.0,8,1.1465654954136962e-05
10.835,0.0,77.50033264507117,0,100,1.0,8,6.587031112242738e-06
10.84,0.0,77.50018823663869,0,100,1.0,8,3.727458191926218e-06
10.845,0.0,77.50010492028098,0,100,1.0,9,2.0776293262437016e-06
10.85,0.0,77.50005760324511,0,100,1.0,9,1.1406583190242906e-06
10.855,0.0,77.50003115061858,0,100,1.0,9,6.168439323245015e-07
10.86,0.0,77.50001659275955,0,100,1.0,9,3.285694960465149e-07
10.865,0.001684486749771458,77.5000087056817,0,100,1.0,9,1.7238973650999488e-07
10.87,0.00456624331333666,77.50000449903288,0,100,1.0,9,8.908976006201592e-08
10.875,0.011079731271581421,77.50000229017026,0,100,1.0,9,4.5349906096618887e-08
10.88,0.024064571490409,77.5000011482821,0,100,1.0,9,2.2738259310631967e-08
10.885,0.046784906529573234,77.50000056710259,0,100,1.0,9,1.1229754235419834e-08
10.89,0.08141644351188804,77.50000027587154,0,100,1.0,9,5.4628028217596484e-09
10.895,0.12682276464025305,77.50000013218568,0,100,1.0,9,2.617538133437289e-09
10.9,0.1768320708657512,77.500000062387,0,100,1.0,9,1.235386182790787e-09
10.905,0.22070063230473494,77.50000002900254,0,100,1.0,9,5.743076333529454e-10
10.91,0.24656126505113576,77.50000001328037,0,100,1.0,9,2.629776352676183e-10
10.915,0.24656126505724016,77.50000000598986,0,100,1.0,9,1.1861110993273127e-10
10.92,0.220700632329898,77.50000000266107,0,100,1.0,9,5.2694412090096365e-11
10.925,0.17683207093748562,77.50000000116447,0,100,1.0,9,2.3058729843031337e-11
10.93,0.12682276483597799,77.50000000050191,0,100,1.0,9,9.938874805667714e-12
10.935,0.08141644409447898,77.50000000021309,0,100,1.0,9,4.219638939692159e-12
10.94,0.04678490952598309,77.50000000008912,0,100,1.0,9,1.7646786122580548e-12
10.945,0.024064605020532023,77.5000000000367,0,100,1.0,9,7.268641134528074e-13
10.95,0.011080171739334697,77.5000000000149,0,100,1.0,9,2.949104107234e-13
10.955,0.004571212771509492,77.50000000000595,0,100,1.0,9,1.1790788367662653e-13
10.96,0.0017299316936037438,77.50000000000234,0,100,1.0,9,4.6431505505115455e-14
10.965,0.0008899431850697582,77.50000000000091,0,100,1.0,9,1.800979607471145e-14
10.97,0.002128806368910263,77.50000000000034,0,100,1.0,9,6.7536735280167935e-15
10.975,0.009309664818487698,77.50000000000013,0,100,1.0,9,2.5326275730062976e-15
10.98,0.03503263543368747,77.50000000000004,0,100,1.0,9,8.442091910020992e-16
10.985,0.10606267793605692,77.50000000000001,0,100,1.0,9,2.814030636673664e-16
10.99,0.25734927343160535,77.5,0,100,1.0,9,0.0
10.995,0.5003202479539708,77.5,0,100,1.0,9,0.0
11.0,0.7793067891790435,77.5,0,100,1.0,9,0.0
11.005,0.9720477407234077,77.5000029632167,1,100,1.0,9,5.867755844249559e-08
11.01,0.967267334488097,77.50000611949993,0,100,1.0,9,1.2117821641611342e-07
11.015,0.7505869905515209,77.5000136661605,0,100,1.0,9,2.706170395714874e-07
11.02,0.4028369574773956,77.50003448761683,0,100,1.0,9,6.829231055424244e-07
11.025,0.04553881263121314,77.50009893563154,0,100,1.0,9,1.9591214166635243e-06
11.03,-0.189138810908105,77.50030887479707,0,100,1.0,9,6.1163326152625205e-06
11.035,-0.22868072635956738,77.50098936987865,0,100,1.0,9,1.9591482745598493e-05
11.04,-0.14104670682394166,77.50311109919818,0,100,1.0,9,6.160592471641763e-05
11.045,-0.051158381651102834,77.50936430658398,0,100,1.0,9,0.00018543181354407307
11.05,-0.008206426846427752,77.52663503308537,0,100,1.0,9,0.0005274263977300939
11.055,0.005350271385530505,77.57113795423459,0,100,1.0,9,0.0014086723610809244
11.06,0.01084668799215426,77.67785621339104,0,100,1.0,9,0.003521905215664127
11.065,0.016256859896386415,77.9156022259755,0,100,1.0,9,0.008229747049019897
11.07,0.02345021205790711,78.4069380257099,0,100,1.0,9,0.017959168825938725
11.075,0.0330621597308209,79.34748987799968,0,100,1.0,9,0.036583957980191636
11.08,0.04559141319943196,81.01228362930992,0,100,1.0,9,0.06955017087742416
11.085,0.06149084917446989,83.73079902637203,0,100,1.0,9,0.12338215893805991
11.09,0.08111733445924295,87.81367872264438,0,100,1.0,9,0.20423126183454224
11.095,0.1046628598272375,93.4288216152286,0,100,1.0,9,0.3154222102025465
11.1,0.1320831047748631,100.45351412056698,0,100,1.0,9,0.4545250320904352
11.105,0.16303381314489318,108.36134960751014,0,100,1.0,9,0.6111158338120819
11.11,0.19682662652900276,116.21652194472324,0,100,1.0,9,0.7666638008856087
11.115,0.23241585813229,122.82360122088085,0,100,1.0,9,0.8974970538788286
11.12,0.26842527782774417,127.01713839847308,0,100,1.0,9,0.9805373940291698
11.125,0.30321927900592993,128.0,0,100,1.0,9,1.0
11.13,0.3350163137995362,125.59701682575721,0,100,1.0,9,0.9524161747674694
11.135,0.3620352400956416,120.3140247604608,0,100,1.0,9,0.8478024705041742
11.14,0.3826586036805073,113.17578272521496,0,100,1.0,9,0.7064511430735635
11.145,0.39559233134833227,105.41460450461524,0,100,1.0,9,0.5527644456359454
11.15,0.4,98.1397912084383,0,100,1.0,9,0.40870873680075837
11.155,0.39559233134833227,92.10783014594557,0,100,1.0,9,0.2892639632860509
11.16,0.3826586036805073,87.64951021194136,0,100,1.0,9,0.2009804002364626
11.165,0.3620352400956416,84.73520644729147,0,100,1.0,9,0.143271414797851
11.17,0.3350163137995362,83.11302488416099,0,100,1.0,9,0.11114900760714837
11.175,0.3032192790059296,82.45012180045974,0,100,1.0,9,0.09802221387048991
11.18,0.26842527782774417,82.43311100444015,0,100,1.0,9,0.09768536642455743
11.185,0.23241585813229,82.8162323398421,0,100,1.0,9,0.10527192752162579
11.19,0.19682662652900276,83.42866618321837,0,100,1.0,9,0.11739933036075977
11.195,0.16303381314489318,84.1600622480566,0,100,1.0,9,0.13188242075359613
11.2,0.13208310477486307,84.940236624999,0,100,1.0,9,0.14733141831681193
11.205,0.10466285982723562,85.72195777553705,0,100,1.0,9,0.1628110450601396
11.21,0.08111733445917907,86.4696633299647,0,100,1.0,9,0.1776170956428654
11.215,0.06149084917398798,87.15353818842898,0,100,1.0,9,0.19115917204809865
11.22,0.04559141333598128,87.74725089071974,0,100,1.0,9,0.2029158592221731
11.225,0.03306217087257399,88.22774168238095,0,100,1.0,9,0.21243052836397924
11.23,0.02345067901074276,88.57593914149084,0,100,1.0,9,0.21932552755427395
11.235,0.016268788896435526,88.77773137510404,0,100,1.0,9,0.2233214133683968
11.24,0.011039026374860051,88.82481855964929,0,100,1.0,9,0.22425383286434233
11.245,0.007326255555493689,88.71524935893723,0,100,1.0,9,0.22208414572152926
11.25,0.0047556414315231815,88.45354650959632,0,100,1.0,9,0.21690191108111528
11.255,0.0030193390635632803,88.05039484238684,0,100,1.0,9,0.20891870975023438
11.26,0.001874953127946523,87.52191701266186,0,100,1.0,9,0.1984538022309279
11.265,0.0011387927410965778,86.88860404516025,0,100,1.0,9,0.18591295138931188
11.27,0.0006765107634274089,86.17399918548756,0,100,1.0,9,0.17176236010866455
11.275,0.00039307957404427924,85.40325259759987,0,100,1.0,9,0.15650005143762127
11.28,0.00022338910511776318,84.60166988532686,0,100,1.0,9,0.14062712644211597
11.285,0.00012417073320013317,83.79336949573046,0,100,1.0,9,0.12462117813327643
11.29,6.750753468904987e-05,83.00014467233905,0,100,1.0,9,0.10891375588790192
11.295,3.5897234866245036e-05,82.2405979846216,0,100,1.0,9,0.09387322741824954
11.3,1.8670050400879738e-05,81.52958456421845,0,100,1.0,9,0.07979375374690006
11.305,9.497421874143672e-06,80.8779681711764,0,100,1.0,9,0.06689045883517634
11.31,4.725434140340885e-06,80.29266578507671,0,100,1.0,9,0.05530031257577638
11.315,2.299606063738814e-06,79.77693434234938,0,100,1.0,9,0.045087808759393624
11.32,1.0945633976635486e-06,79.33083911757771,0,100,1.0,9,0.03625423995203387
11.325,5.095703414287532e-07,78.95183743607637,0,100,1.0,9,0.028749256159928207
11.33,2.3202944964797243e-07,78.63541317800785,0,100,1.0,9,0.022483429267482213
11.335,1.0333746954038608e-07,78.3757053491493,0,100,1.0,9,0.017340699983154448
11.34,4.501406988770349e-08,78.16608584846017,0,100,1.0,9,0.013189818781389513
11.345,0.0,77.99965535153865,0,100,1.0,9,0.00989416537700296
11.35,0.0,77.86964004284735,0,100,1.0,9,0.007319604808858435
11.355,0.0,77.7696842680522,0,100,1.0,9,0.005340282535687178
11.36,0.0,77.69404405685896,0,100,1.0,9,0.0038424565714644857
11.365,0.0,77.63769342762592,0,100,1.0,9,0.0027266025272459243
11.37,0.0,77.59635942692422,0,100,1.0,9,0.0019081074638460122
11.375,0.0,77.56650332172448,0,100,1.0,9,0.0013168974598907444
11.38,0.0,77.54526479938636,0,100,1.0,9,0.0008963326611160258
11.385,0.0,77.53038407321809,0,100,1.0,9,0.0006016648161997493
11.39,0.0,77.52011404975813,0,100,1.0,9,0.0003982980150125725
11.395,0.0,77.51313170683527,0,100,1.0,9,0.0002600337987181626
11.4,0.0,77.50845494854985,0,100,1.0,9,0.0001674247237594887
11.405,0.0,77.5053686969771,0,100,1.0,9,0.00010631083122971762
11.41,0.0,77.50336197861758,0,100,1.0,9,6.6573834011411e-05
11.415,0.0,77.50207629536354,0,100,1.0,9,4.1114759673998586e-05
11.42,0.0,77.5012645949802,0,100,1.0,9,2.5041484756421046e-05
11.425,0.0,77.50075959466382,0,100,1.0,9,1.5041478491465937e-05
11.43,0.0,77.50044996681824,0,100,1.0,9,8.910234024507182e-06
11.435,0.0,77.50026287374051,0,100,1.0,9,5.205420604165783e-06
11.44,0.0,77.50015145445519,0,100,1.0,9,2.9990981226213685e-06
11.445,0.0,77.5000860567684,0,100,1.0,9,1.7040944236790586e-06
11.45,0.0,77.50004822321333,0,100,1.0,9,9.549151153769704e-07
11.455,0.0,77.50002664988816,0,100,1.0,9,5.277205575409182e-07
11.46,0.0,77.50001452455274,0,100,1.0,9,2.87614905726802e-07
11.465,0.0,77.50000780689389,0,100,1.0,9,1.545919582269454e-07
11.47,0.001684486749771458,77.5000041382995,0,100,1.0,9,8.194652479579589e-08
11.475,0.00456624331333666,77.5000021633844,0,100,1.0,9,4.2839294936507795e-08
11.48,0.011079731271581421,77.50000111535623,0,100,1.0,9,2.2086261919461736e-08
11.485,0.024064571490409,77.50000056710259,0,100,1.0,9,1.1229754235419834e-08
11.49,0.046784906529573234,77.5000002843661,0,100,1.0,9,5.631011784469881e-09
11.495,0.08141644351188804,77.50000014062486,0,100,1.0,9,2.784650749811473e-09
11.5,0.12682276464025305,77.5000000685827,0,100,1.0,9,1.3580731346976763e-09
11.505,0.1768320708657512,77.5000000329864,0,100,1.0,9,6.53196168221455e-10
11.51,0.22070063230473494,77.50000001564673,0,100,1.0,9,3.0983631062338077e-10
11.515,0.24656126505113576,77.50000000731949,0,100,1.0,9,1.4494030618170475e-10
11.52,0.24656126505724016,77.5000000033768,0,100,1.0,9,6.686727739170327e-11
11.525,0.220700632329898,77.50000000153638,0,100,1.0,9,3.042332942226998e-11
11.53,0.17683207093748562,77.50000000068938,0,100,1.0,9,1.3651144021567612e-11
11.535,0.12682276483597799,77.50000000030506,0,100,1.0,9,6.0408795677473545e-12
11.54,0.08141644409447898,77.50000000013313,0,100,1.0,9,2.6361839004358887e-12
11.545,0.04678490952598309,77.5000000000573,0,100,1.0,9,1.1346171527068214e-12
11.55,0.024064605020532023,77.50000000002431,0,100,1.0,9,4.81480641934864e-13
11.555,0.011080171739334697,77.50000000001017,0,100,1.0,9,2.0148459358583435e-13
11.56,0.004571212771509492,77.5000000000042,0,100,1.0,9,8.329530684554046e-14
11.565,0.0017299316936037438,77.5000000000017,0,100,1.0,9,3.376836764008397e-14
11.57,0.0008899431850697582,77.50000000000068,0,100,1.0,9,1.3507347056033587e-14
11.575,0.002128806368910263,77.50000000000027,0,100,1.0,9,5.346658209679962e-15
11.58,0.009309664818487698,77.5000000000001,0,100,1.0,9,1.969821445671565e-15
11.585,0.03503263543368747,77.50000000000004,0,100,1.0,9,8.442091910020992e-16
11.59,0.10606267793605692,77.50000000000001,0,100,1.0,9,2.814030636673664e-16
11.595,0.25734927343160535,77.5,0,100,1.0,9,0.0
11.6,0.5003202479539708,77.5,0,100,1.0,9,0.0
11.605,0.7793067891790435,77.5,0,100,1.0,9,0.0
11.61,0.9720477407234077,77.5,1,100,1.0,9,0.0
11.615,0.967267334488097,77.5,0,100,1.0,9,0.0
11.62,0.7505869905515209,77.5,0,100,1.0,9,0.0
11.625,0.4028369574773956,77.5,0,100,1.0,9,0.0
11.63,0.04553881263121314,77.5,0,100,1.0,9,0.0
11.635,-0.189138810908105,77.5,0,100,1.0,9,0.0
11.64,-0.22868072635956738,77.5,0,100,1.0,9,0.0
11.645,-0.14104670682394166,77.5,0,100,1.0,9,0.0
11.65,-0.051158381651102834,77.5,0,100,1.0,9,0.0
11.655,-0.008206426846427752,77.5,0,100,1.0,9,0.0
11.66,0.005350271385530505,77.5,0,100,1.0,9,0.0
11.665,0.01084668799215426,77.5,0,100,1.0,9,0.0
11.67,0.016256859896386415,77.5,0,100,1.0,9,0.0
11.675,0.02345021205790711,77.5,0,100,1.0,9,0.0
11.68,0.0330621597308209,77.5,0,100,1.0,9,0.0
11.685,0.04559141319943196,77.5,0,100,1.0,9,0.0
11.69,0.06149084917446989,77.5,0,100,1.0,9,0.0
11.695,0.08111733445924295,77.5,0,100,1.0,9,0.0
11.7,0.1046628598272375,77.5,0,100,1.0,9,0.0
11.705,0.1320831047748631,77.5,0,100,1.0,9,0.0
11.71,0.16303381314489318,77.5,0,100,1.0,9,0.0
11.715,0.19682662652900276,77.5,0,100,1.0,9,0.0
11.72,0.23241585813229,77.5,0,100,1.0,9,0.0
11.725,0.26842527782774417,77.5,0,100,1.0,9,0.0
11.73,0.30321927900592993,77.5,0,100,1.0,9,0.0
11.735,0.3350163137995362,77.5,0,100,1.0,9,0.0
11.74,0.3620352400956416,77.5,0,100,1.0,9,0.0
11.745,0.3826586036805073,77.5,0,100,1.0,9,0.0
11.75,0.39559233134833227,77.5,0,100,1.0,9,0.0
11.755,0.4,77.5,0,100,1.0,9,0.0
11.76,0.39559233134833227,77.5,0,100,1.0,9,0.0
11.765,0.3826586036805073,77.5,0,100,1.0,9,0.0
11.77,0.3620352400956416,77.5,0,100,1.0,9,0.0
11.775,0.3350163137995362,77.5,0,100,1.0,9,0.0
11.78,0.3032192790059296,77.5,0,100,1.0,9,0.0
11.785,0.26842527782774417,77.5,0,100,1.0,9,0.0
11.79,0.23241585813229,77.5,0,100,1.0,9,0.0
11.795,0.19682662652900276,77.5,0,100,1.0,9,0.0
11.8,0.16303381314489318,77.5,0,100,1.0,9,0.0
11.805,0.13208310477486307,77.5,0,100,1.0,9,0.0
11.81,0.10466285982723562,77.5,0,100,1.0,9,0.0
11.815,0.08111733445917907,77.5,0,100,1.0,9,0.0
11.82,0.06149084917398798,77.5,0,100,1.0,9,0.0
11.825,0.04559141333598128,77.5,0,100,1.0,9,0.0
11.83,0.03306217087257399,77.5,0,100,1.0,9,0.0
11.835,0.02345067901074276,77.5,0,100,1.0,9,0.0
11.84,0.016268788896435526,77.5,0,100,1.0,9,0.0
11.845,0.011039026374860051,77.5,0,100,1.0,9,0.0
11.85,0.007326255555493689,77.5,0,100,1.0,9,0.0
11.855,0.0047556414315231815,77.5,0,100,1.0,9,0.0
11.86,0.0030193390635632803,77.5,0,100,1.0,9,0.0
11.865,0.001874953127946523,77.5,0,100,1.0,9,0.0
11.87,0.0011387927410965778,77.5,0,100,1.0,9,0.0
11.875,0.0006765107634274089,77.5,0,100,1.0,9,0.0
11.88,0.00039307957404427924,77.5,0,100,1.0,9,0.0
11.885,0.00022338910511776318,77.5,0,100,1.0,9,0.0
11.89,0.00012417073320013317,77.5,0,100,1.0,9,0.0
11.895,6.750753468904987e-05,77.5,0,100,1.0,9,0.0
11.9,3.5897234866245036e-05,77.5,0,100,1.0,9,0.0
11.905,1.8670050400879738e-05,77.5,0,100,1.0,9,0.0
11.91,9.497421874143672e-06,77.5,0,100,1.0,9,0.0
11.915,4.725434140340885e-06,77.5,0,100,1.0,9,0.0
11.92,2.299606063738814e-06,77.5,0,100,1.0,9,0.0
11.925,1.0945633976635486e-06,77.5,0,100,1.0,9,0.0
11.93,5.095703414287532e-07,77.5,0,100,1.0,9,0.0
11.935,2.3202944964797243e-07,77.5,0,100,1.0,9,0.0
11.94,1.0333746954038608e-07,77.5,0,100,1.0,9,0.0
11.945,4.501406988770349e-08,77.5,0,100,1.0,9,0.0
11.95,0.0,77.5,0,100,1.0,9,0.0
11.955,0.0,77.5,0,100,1.0,9,0.0
11.96,0.0,77.5,0,100,1.0,9,0.0
11.965,0.0,77.5,0,100,1.0,9,0.0
11.97,0.0,77.5,0,100,1.0,9,0.0
11.975,0.0,77.5,0,100,1.0,9,0.0
11.98,0.0,77.5,0,100,1.0,9,0.0
11.985,0.0,77.5,0,100,1.0,9,0.0
11.99,0.0,77.5,0,100,1.0,9,0.0
11.995,0.0,77.5,0,100,1.0,9,0.0
