Time,ECG,Pressure,R_Peaks,mean_hr,hrv_scale,Phase_Bin,Normalized_Pressure
0.0,0.001684486749771458,77.5,0,90,3.0,0,0.0
0.005,0.004172395771277602,77.5,0,90,3.0,0,0.0
0.01,0.009438687428818865,77.5,0,90,3.0,0,0.0
0.015,0.019500507867137046,77.5,0,90,3.0,0,0.0
0.02,0.03679496976339974,77.5,0,90,3.0,0,0.0
0.025,0.06340728953298436,77.5,0,90,3.0,0,0.0
0.03,0.09979255396093453,77.5,0,90,3.0,0,0.0
0.035,0.14343835518453557,77.5,0,90,3.0,0,0.0
0.04,0.18829581417209276,77.5,0,90,3.0,0,0.0
0.045,0.2257481735193119,77.5,0,90,3.0,0,0.0
0.05,0.24718154073554727,77.5,0,90,3.0,0,0.0
0.055,0.24718154074102772,77.5,0,90,3.0,0,0.0
0.06,0.22574817354072055,77.5,0,90,3.0,0,0.0
0.065,0.18829581422840957,77.5,0,90,3.0,0,0.0
0.07,0.14343835532456656,77.5,0,90,3.0,0,0.0
0.075,0.09979255431561854,77.5,0,90,3.0,0,0.0
0.08,0.06340729067170194,77.5,0,90,3.0,0,0.0
0.085,0.03679497683410042,77.5,0,90,3.0,0,0.0
0.09,0.019500578284482293,77.5,0,90,3.0,0,0.0
0.095,0.009439396781978427,77.5,0,90,3.0,0,0.0
0.1,0.004178588733610924,77.5,0,90,3.0,0,0.0
0.105,0.0017299316936037381,77.5,0,90,3.0,0,0.0
0.11,0.0008997325756988589,77.5,0,90,3.0,0,0.0
0.115,0.001634769674224814,77.5,0,90,3.0,0,0.0
0.12,0.00614904736476635,77.5,0,90,3.0,0,0.0
0.125,0.02168080359963608,77.5,0,90,3.0,0,0.0
0.13,0.06433400338904088,77.5,0,90,3.0,0,0.0
0.135,0.1593410769217493,77.5,0,90,3.0,0,0.0
0.14,0.3291989194808569,77.5,0,90,3.0,0,0.0
0.145,0.5672906802982638,77.5,0,90,3.0,0,0.0
0.15,0.815339152120446,77.5,0,90,3.0,0,0.0
0.155,0.9768711246313155,77.5,0,90,3.0,0,0.0
0.16,0.9726380909165361,77.5,0,90,3.0,0,0.0
0.165,0.7921091683291741,77.5,0,90,3.0,0,0.0
0.17,0.49139090102639077,77.5,0,90,3.0,0,0.0
0.175,0.15739335672107918,77.5,0,90,3.0,0,0.0
0.18,-0.11102342218909485,77.5,0,90,3.0,0,0.0
0.185,-0.2314207883647528,77.5,0,90,3.0,0,0.0
0.19,-0.2029124434754801,77.5,0,90,3.0,0,0.0
0.195,-0.11151350554305876,77.5,0,90,3.0,0,0.0
0.2,-0.039430666652076896,77.5,0,90,3.0,0,0.0
0.205,-0.006087703519843621,77.5,0,90,3.0,0,0.0
0.21,0.005350271385530551,77.5,0,90,3.0,0,0.0
0.215,0.010381647827441833,77.5,0,90,3.0,0,0.0
0.22,0.015115203303506243,77.5,0,90,3.0,0,0.0
0.225,0.021170964062928475,77.5,0,90,3.0,0,0.0
0.23,0.029082821134029553,77.5,0,90,3.0,0,0.0
0.235,0.03923107061708144,77.5,0,90,3.0,0,0.0
0.24,0.051969043308817596,77.5,0,90,3.0,0,0.0
0.245,0.06760532616283861,77.5,0,90,3.0,0,0.0
0.25,0.08636519236693461,77.5,0,90,3.0,0,0.0
0.255,0.10834733138818661,77.5,0,90,3.0,0,0.0
0.26,0.1334809643017884,77.5,0,90,3.0,0,0.0
0.265,0.16148868344343945,77.5,0,90,3.0,0,0.0
0.27,0.191860907532018,77.5,0,90,3.0,0,0.0
0.275,0.22384764873847726,77.5,0,90,3.0,0,0.0
0.28,0.25647215537198226,77.5,0,90,3.0,0,0.0
0.285,0.2885689161419028,77.5,0,90,3.0,0,0.0
0.29,0.31884566517832524,77.5,0,90,3.0,0,0.0
0.295,0.3459657668955683,77.5,0,90,3.0,0,0.0
0.3,0.3686441789190902,77.5,0,90,3.0,0,0.0
0.305,0.3857476379544367,77.5,0,90,3.0,0,0.0
0.31,0.3963882865005728,77.5,0,90,3.0,0,0.0
0.315,0.4,77.5,0,90,3.0,0,0.0
0.32,0.39638828650057273,77.5,0,90,3.0,0,0.0
0.325,0.38574763795443656,77.5,0,90,3.0,0,0.0
0.33,0.36864417891908974,77.5,0,90,3.0,0,0.0
0.335,0.345965766895568,77.5,0,90,3.0,0,0.0
0.34,0.3188456651783249,77.5,0,90,3.0,0,0.0
0.345,0.28856891614190205,77.5,0,90,3.0,0,0.0
0.35,0.2564721553719815,77.5,0,90,3.0,0,0.0
0.355,0.22384764873847685,77.5,0,90,3.0,0,0.0
0.36,0.19186090753201765,77.5,0,90,3.0,0,0.0
0.365,0.16148868344343878,77.5,0,90,3.0,0,0.0
0.37,0.1334809643017881,77.5,0,90,3.0,0,0.0
0.375,0.10834733138818531,77.5,0,90,3.0,0,0.0
0.38,0.08636519236690572,77.5,0,90,3.0,0,0.0
0.385,0.06760532616242629,77.5,0,90,3.0,0,0.0
0.39,0.05196904332202373,77.5,0,90,3.0,0,0.0
0.395,0.03923107185803287,77.5,0,90,3.0,0,0.0
0.4,0.02908287038705761,77.5,0,90,3.0,0,0.0
0.405,0.02117220077308346,77.5,0,90,3.0,0,0.0
0.41,0.0151361834125735,77.5,0,90,3.0,0,0.0
0.415,0.010626454858290009,77.5,0,90,3.0,0,0.0
0.42,0.007326255555493652,77.5,0,90,3.0,0,0.0
0.425,0.004960179211183015,77.5,0,90,3.0,0,0.0
0.43,0.0032978759379303545,77.5,0,90,3.0,0,0.0
0.435,0.002153242296767213,77.5,0,90,3.0,0,0.0
0.44,0.001380616732225004,77.5,0,90,3.0,0,0.0
0.445,0.0008693106590991584,77.5,0,90,3.0,0,0.0
0.45,0.000537524815942247,77.5,0,90,3.0,0,0.0
0.455,0.0003263951340288585,77.5,0,90,3.0,0,0.0
0.46,0.00019463030985187395,77.5,0,90,3.0,0,0.0
0.465,0.00011397219555062695,77.5,0,90,3.0,0,0.0
0.47,6.55403863487943e-05,77.5,0,90,3.0,0,0.0
0.475,3.701184389455385e-05,77.5,0,90,3.0,0,0.0
0.48,2.0525516217290957e-05,77.5,0,90,3.0,0,0.0
0.485,1.1178128483661116e-05,77.5,0,90,3.0,0,0.0
0.49,5.978135409912517e-06,77.5,0,90,3.0,0,0.0
0.495,3.1396702713238487e-06,77.5,0,90,3.0,0,0.0
0.5,1.6192875458531019e-06,77.5,0,90,3.0,0,0.0
0.505,8.201353897972012e-07,77.5,0,90,3.0,0,0.0
0.51,4.0791415086824765e-07,77.5,0,90,3.0,0,0.0
0.515,1.9923866938774793e-07,77.5,0,90,3.0,0,0.0
0.52,9.556527981051257e-08,77.5,0,90,3.0,0,0.0
0.525,4.501406988770349e-08,77.5,0,90,3.0,0,0.0
0.53,0.0,77.5,0,90,3.0,0,0.0
0.535,0.0,77.5,0,90,3.0,0,0.0
0.54,0.0,77.5,0,90,3.0,0,0.0
0.545,0.0,77.5,0,90,3.0,0,0.0
0.55,0.0,77.5,0,90,3.0,0,0.0
0.555,0.0,77.5,0,90,3.0,0,0.0
0.56,0.0,77.5,0,90,3.0,0,0.0
0.565,0.0,77.5,0,90,3.0,0,0.0
0.57,0.0,77.5,0,90,3.0,0,0.0
0.575,0.0,77.5,0,90,3.0,0,0.0
0.58,0.0,77.5,0,90,3.0,0,0.0
0.585,0.0,77.5,0,90,3.0,0,0.0
0.59,0.0,77.5,0,90,3.0,0,0.0
0.595,0.0,77.5,0,90,3.0,0,0.0
0.6,0.0,77.5,0,90,3.0,0,0.0
0.605,0.0,77.5,0,90,3.0,0,0.0
0.61,0.0,77.5,0,90,3.0,0,0.0
0.615,0.0,77.5,0,90,3.0,0,0.0
0.62,0.0,77.5,0,90,3.0,0,0.0
0.625,0.0,77.5,0,90,3.0,0,0.0
0.63,0.0,77.5,0,90,3.0,0,0.0
0.635,0.0,77.5,0,90,3.0,0,0.0
0.64,0.0,77.5,0,90,3.0,0,0.0
0.645,0.0,77.5,0,90,3.0,0,0.0
0.65,0.0,77.5,0,90,3.0,0,0.0
0.655,0.0,77.5,0,90,3.0,0,0.0
0.66,0.0,77.5,0,90,3.0,0,0.0
0.665,0.0,77.5,0,90,3.0,0,0.0
0.67,0.0,77.5,0,90,3.0,0,0.0
0.675,0.0,77.5,0,90,3.0,0,0.0
0.68,0.001684486749771458,77.5,0,90,3.0,0,0.0
0.685,0.004172395771277602,77.5,0,90,3.0,0,0.0
0.69,0.009438687428818865,77.5,0,90,3.0,0,0.0
0.695,0.019500507867137046,77.5,0,90,3.0,0,0.0
0.7,0.03679496976339974,77.5,0,90,3.0,0,0.0
0.705,0.06340728953298436,77.5,0,90,3.0,0,0.0
0.71,0.09979255396093453,77.5,0,90,3.0,0,0.0
0.715,0.14343835518453557,77.5,0,90,3.0,0,0.0
0.72,0.18829581417209276,77.5,0,90,3.0,0,0.0
0.725,0.2257481735193119,77.5,0,90,3.0,0,0.0
0.73,0.24718154073554727,77.5,0,90,3.0,0,0.0
0.735,0.24718154074102772,77.5,0,90,3.0,0,0.0
0.74,0.22574817354072055,77.5,0,90,3.0,0,0.0
0.745,0.18829581422840957,77.5,0,90,3.0,0,0.0
0.75,0.14343835532456656,77.5,0,90,3.0,0,0.0
0.755,0.09979255431561854,77.5,0,90,3.0,0,0.0
0.76,0.06340729067170194,77.5,0,90,3.0,0,0.0
0.765,0.03679497683410042,77.5,0,90,3.0,0,0.0
0.77,0.019500578284482293,77.5,0,90,3.0,0,0.0
0.775,0.009439396781978427,77.5,0,90,3.0,0,0.0
0.78,0.004178588733610924,77.5,0,90,3.0,0,0.0
0.785,0.0017299316936037381,77.5,0,90,3.0,0,0.0
0.79,0.0008997325756988589,77.5,0,90,3.0,0,0.0
0.795,0.001634769674224814,77.5,0,90,3.0,0,0.0
0.8,0.00614904736476635,77.5,0,90,3.0,0,0.0
0.805,0.02168080359963608,77.5,0,90,3.0,0,0.0
0.81,0.06433400338904088,77.5,0,90,3.0,0,0.0
0.815,0.1593410769217493,77.5,0,90,3.0,0,0.0
0.82,0.3291989194808569,77.5,0,90,3.0,0,0.0
0.825,0.5672906802982638,77.5,0,90,3.0,0,0.0
0.83,0.815339152120446,77.5,0,90,3.0,0,0.0
0.835,0.9768711246313155,77.50000284403532,1,90,3.0,0,5.8639903544616635e-08
0.84,0.9726380909165361,77.50000563434857,0,90,3.0,0,1.161721354257923e-07
0.845,0.7921091683291741,77.50001194034442,0,90,3.0,0,2.4619266848754496e-07
0.85,0.49139090102639077,77.50002813743002,0,90,3.0,0,5.801531963196297e-07
0.855,0.15739335672107918,77.50007456926916,0,90,3.0,0,1.5375107043195215e-06
0.86,-0.11102342218909485,77.50021555237494,0,90,3.0,0,4.444378864730322e-06
0.865,-0.2314207883647528,77.50064634651709,0,90,3.0,0,1.332673231106653e-05
0.87,-0.2029124434754801,77.50192715835341,0,90,3.0,0,3.973522378166224e-05
0.875,-0.11151350554305876,77.50556436458237,0,90,3.0,0,0.00011472916664678985
0.88,-0.039430666652076896,77.5153360380951,0,90,3.0,0,0.0003162069710329893
0.885,-0.006087703519843621,77.54004933030063,0,90,3.0,0,0.0008257593876419144
0.89,0.005350271385530551,77.59872426259801,0,90,3.0,0,0.002035551806144569
0.895,0.010381647827441833,77.72927397114614,0,90,3.0,0,0.004727298374147262
0.9,0.015115203303506243,78.0011213460085,0,90,3.0,0,0.01033239888677326
0.905,0.021170964062928475,78.53026214977955,0,90,3.0,0,0.02124251855215558
0.91,0.029082821134029553,79.49175422945842,0,90,3.0,0,0.041067097514606646
0.915,0.03923107061708144,81.12018821167895,0,90,3.0,0,0.0746430559109062
0.92,0.051969043308817596,83.68572301825407,0,90,3.0,0,0.12754068078874364
0.925,0.06760532616283861,87.43548636982642,0,90,3.0,0,0.204855389068586
0.93,0.08636519236693461,92.5008021671065,0,90,3.0,0,0.30929489004343297
0.935,0.10834733138818661,98.78935026029112,0,90,3.0,0,0.4389556754699199
0.94,0.1334809643017884,105.90117170753103,0,90,3.0,0,0.585591169227444
0.945,0.16148868344343945,113.11621193300405,0,90,3.0,0,0.7343548852165784
0.95,0.191860907532018,119.48749438013431,0,90,3.0,0,0.8657215336110167
0.955,0.22384764873847726,124.03653874510518,0,90,3.0,0,0.9595162627856737
0.96,0.25647215537198226,126.0,0,90,3.0,0,1.0
0.965,0.2885689161419028,125.04326482741723,0,90,3.0,0,0.9802735015962316
0.97,0.31884566517832524,121.35937653466117,0,90,3.0,0,0.9043170419517766
0.975,0.3459657668955683,115.61360140385835,0,90,3.0,0,0.7858474516259455
0.98,0.3686441789190902,108.75594891707162,0,90,3.0,0,0.6444525549911674
0.985,0.3857476379544367,101.77461151529064,0,90,3.0,0,0.5005074539235185
0.99,0.3963882865005728,95.47810717617381,0,90,3.0,0,0.37068262218915066
0.995,0.4,90.36949924832,0,90,3.0,0,0.26535049996536075
1.0,0.39638828650057273,86.62992216347705,0,90,3.0,0,0.18824581780365046
1.005,0.38574763795443656,84.18612234560806,0,90,3.0,0,0.1378581926929496
1.01,0.36864417891908974,82.81567309579101,0,90,3.0,0,0.1096015071297116
1.015,0.345965766895568,82.24668045311486,0,90,3.0,0,0.09786970006422396
1.02,0.3188456651783249,82.22677563441158,0,90,3.0,0,0.09745929143116662
1.025,0.28856891614190205,82.55618463062414,0,90,3.0,0,0.10425122949740505
1.03,0.2564721553719815,83.09295775268306,0,90,3.0,0,0.11531871655016625
1.035,0.22384764873847685,83.74288099322293,0,90,3.0,0,0.12871919573655516
1.04,0.19186090753201765,84.44470761789947,0,90,3.0,0,0.1431898477917416
1.045,0.16148868344343878,85.15701212826306,0,90,3.0,0,0.15787653872707344
1.05,0.1334809643017881,85.84902108131057,0,90,3.0,0,0.17214476456310449
1.055,0.10834733138818531,86.49535961413758,0,90,3.0,0,0.18547133225025947
1.06,0.08636519236690572,87.07368281210313,0,90,3.0,0,0.1973955218990336
1.065,0.06760532616242629,87.56407233300035,0,90,3.0,0,0.2075066460412444
1.07,0.05196904332202373,87.94934169797176,0,90,3.0,0,0.21545034428807755
1.075,0.03923107185803287,88.21569761819234,0,90,3.0,0,0.22094221893180077
1.08,0.02908287038705761,88.35343302302121,0,90,3.0,0,0.22378212418600435
1.085,0.02117220077308346,88.35747043745516,0,90,3.0,0,0.22386536984443636
1.09,0.0151361834125735,88.22765859398775,0,90,3.0,0,0.22118883698943825
1.095,0.010626454858290009,87.96877763919233,0,90,3.0,0,0.21585108534417166
1.1,0.007326255555493652,87.59024579975109,0,90,3.0,0,0.20804630514950698
1.105,0.004960179211183015,87.10555038207744,0,90,3.0,0,0.19805258519747296
1.11,0.0032978759379303545,86.53145038403952,0,90,3.0,0,0.18621547183586631
1.115,0.002153242296767213,85.88701624442398,0,90,3.0,0,0.17292816998812321
1.12,0.001380616732225004,85.1925832624303,0,90,3.0,0,0.1586099641738207
1.125,0.0008693106590991584,84.46869833167638,0,90,3.0,0,0.14368450168404903
1.13,0.000537524815942247,83.73513500639436,0,90,3.0,0,0.1285594846679249
1.135,0.0003263951340288585,83.0100405618299,0,90,3.0,0,0.11360908374907003
1.14,0.00019463030985187395,82.30926233944837,0,90,3.0,0,0.09916004823604879
1.145,0.00011397219555062695,81.6458814331628,0,90,3.0,0,0.08548209140541854
1.15,6.55403863487943e-05,81.02996195780577,0,90,3.0,0,0.07278272077950036
1.155,3.701184389455385e-05,80.46850585648903,0,90,3.0,0,0.06120630631936147
1.16,2.0525516217290957e-05,79.96558814237727,0,90,3.0,0,0.05083686891499528
1.165,1.1178128483661116e-05,79.52263674653703,0,90,3.0,0,0.04170385044406251
1.17,5.978135409912517e-06,79.13881522901951,0,90,3.0,0,0.03379000472205183
1.175,3.1396702713238487e-06,78.81146536827063,0,90,3.0,0,0.02704052305712643
1.18,1.6192875458531019e-06,78.53656943790337,0,90,3.0,0,0.02137256572996633
1.185,8.201353897972012e-07,78.30919783276481,0,90,3.0,0,0.016684491397212564
1.19,4.0791415086824765e-07,78.12391547782335,0,90,3.0,0,0.012864236656151455
1.195,1.9923866938774793e-07,77.97512900761184,0,90,3.0,0,0.009796474383749296
1.2,9.556527981051257e-08,77.85736504432592,0,90,3.0,0,0.007368351429400348
1.205,4.501406988770349e-08,77.76547726284619,0,90,3.0,1,0.005473757996828657
1.21,0.0,77.69478581665143,0,90,3.0,1,0.00401620240518417
1.215,0.0,77.6411568854654,0,90,3.0,1,0.00291045124670941
1.22,0.0,77.60103260291042,0,90,3.0,1,0.002083146451761279
1.225,0.0,77.57142261616407,0,90,3.0,1,0.0014726312611148655
1.23,0.0,77.54986831612662,0,90,3.0,1,0.0010282127036416499
1.235,0.0,77.53438970032784,0,90,3.0,1,0.0007090659861409428
1.24,0.0,77.52342323181401,0,90,3.0,1,0.00048295323327850095
1.245,0.0,77.5157572338132,0,90,3.0,1,0.0003248914188289516
1.25,0.0,77.5104695467323,0,90,3.0,1,0.0002158669429339278
1.255,0.0,77.50687053439142,0,90,3.0,1,0.0001416605029159711
1.26,0.0,77.50445315583923,0,90,3.0,1,9.18176461696771e-05
1.265,0.0,77.50285075573734,0,90,3.0,1,5.8778468811167315e-05
1.27,0.0,77.50180246507347,0,90,3.0,1,3.7164228318914934e-05
1.275,0.0,77.50112561130648,0,90,3.0,1,2.320848054592744e-05
1.28,0.0,77.50069426420308,0,90,3.0,1,1.4314725836628867e-05
1.285,0.0,77.50042293715272,0,90,3.0,1,8.720353664334793e-06
1.29,0.0,77.50025447295847,0,90,3.0,1,5.246865123178123e-06
1.295,0.0,77.5001512245073,0,90,3.0,1,3.1180310784715326e-06
1.3,0.0,77.50008876003304,0,90,3.0,1,1.8301037739641372e-06
1.305,0.0,77.50005145498665,0,90,3.0,1,1.0609275597237956e-06
1.31,0.0,77.50002946132142,0,90,3.0,1,6.074499261445715e-07
1.315,0.0,77.50001666064122,0,90,3.0,1,3.4351837571521924e-07
1.32,0.001684486749771458,77.50000930563341,0,90,3.0,1,1.9186873015014592e-07
1.325,0.004172395771277602,77.50000513351583,0,90,3.0,1,1.0584568716572885e-07
1.33,0.009438687428818865,77.50000279703956,0,90,3.0,1,5.767091868891811e-08
1.335,0.019500507867137046,77.50000150520984,0,90,3.0,1,3.103525438474236e-08
1.34,0.03679496976339974,77.50000080003728,0,90,3.0,1,1.649561411176899e-08
1.345,0.06340728953298436,77.50000041998922,0,90,3.0,1,8.659571552381805e-09
1.35,0.09979255396093453,77.50000021776135,0,90,3.0,1,4.48992482139972e-09
1.355,0.14343835518453557,77.50000011151626,0,90,3.0,1,2.2993042796198217e-09
1.36,0.18829581417209276,77.50000005640405,0,90,3.0,1,1.162970054736565e-09
1.365,0.2257481735193119,77.50000002817715,0,90,3.0,1,5.809722645692803e-10
1.37,0.24718154073554727,77.50000001390269,0,90,3.0,1,2.866534501175845e-10
1.375,0.24718154074102772,77.5000000067751,0,90,3.0,1,1.396927018504357e-10
1.38,0.22574817354072055,77.50000000326096,0,90,3.0,1,6.723638827829698e-11
1.385,0.18829581422840957,77.50000000155022,0,90,3.0,1,3.196328883128332e-11
1.39,0.14343835532456656,77.50000000072787,0,90,3.0,1,1.5007541601194463e-11
1.395,0.09979255431561854,77.50000000033754,0,90,3.0,1,6.9595097153706806e-12
1.4,0.06340729067170194,77.5000000001546,0,90,3.0,1,3.1876265659109813e-12
1.405,0.03679497683410042,77.50000000006995,0,90,3.0,1,1.4421819981077167e-12
1.41,0.019500578284482293,77.50000000003125,0,90,3.0,1,6.44323082860396e-13
1.415,0.009439396781978427,77.50000000001378,0,90,3.0,1,2.8421709430404007e-13
1.42,0.004178588733610924,77.50000000000601,0,90,3.0,1,1.239420937016587e-13
1.425,0.0017299316936037381,77.50000000000259,0,90,3.0,1,5.332733109622195e-14
1.43,0.0008997325756988589,77.5000000000011,0,90,3.0,1,2.25615631560939e-14
1.435,0.001634769674224814,77.50000000000045,0,90,3.0,1,9.376234038896167e-15
1.44,0.00614904736476635,77.50000000000018,0,90,3.0,1,3.809095078301568e-15
1.445,0.02168080359963608,77.50000000000007,0,90,3.0,1,1.465036568577526e-15
1.45,0.06433400338904088,77.50000000000003,0,90,3.0,1,5.860146274310105e-16
1.455,0.1593410769217493,77.50000000000001,0,90,3.0,1,2.9300731371550523e-16
1.46,0.3291989194808569,77.5,0,90,3.0,1,0.0
1.465,0.5672906802982638,77.5,0,90,3.0,1,0.0
1.47,0.815339152120446,77.5,0,90,3.0,1,0.0
1.475,0.9768711246313155,77.50000284143212,1,90,3.0,1,5.8586229292860976e-08
1.48,0.9726380909165361,77.50000583146736,0,90,3.0,1,1.202364404603547e-07
1.485,0.7921091683291741,77.50001291995002,0,90,3.0,1,2.6639072213640117e-07
1.49,0.49139090102639077,77.50003226688011,0,90,3.0,1,6.652964971509232e-07
1.495,0.15739335672107918,77.50009146729056,0,90,3.0,1,1.8859235166891051e-06
1.5,-0.11102342218909485,77.50028231969486,0,90,3.0,1,5.821024636312247e-06
1.505,-0.2314207883647528,77.50089563317056,0,90,3.0,1,1.8466663310466604e-05
1.51,-0.2029124434754801,77.50279477482674,0,90,3.0,1,5.7624223231740184e-05
1.515,-0.11151350554305876,77.50836230615555,0,90,3.0,1,0.00017241868361952817
1.52,-0.039430666652076896,77.52367979111813,0,90,3.0,1,0.00048824311583767037
1.525,-0.006087703519843621,77.5630506413428,0,90,3.0,1,0.001300013223562846
1.53,0.005350271385530551,77.65735119887681,0,90,3.0,1,0.0032443546160167086
1.535,0.010381647827441833,77.86746710715887,0,90,3.0,1,0.007576641384719037
1.54,0.015115203303506243,78.30236463021275,0,90,3.0,1,0.016543600622943303
1.545,0.021170964062928475,79.13733108826858,0,90,3.0,1,0.03375940388182642
1.55,0.029082821134029553,80.62181224102206,0,90,3.0,1,0.06436726270148568
1.555,0.03923107061708144,83.06062494683303,0,90,3.0,1,0.11465206075944392
1.56,0.051969043308817596,86.75239811914301,0,90,3.0,1,0.19077109524006206
1.565,0.06760532616283861,91.8807685365827,0,90,3.0,1,0.2965106914759321
1.57,0.08636519236693461,98.378581699193,0,90,3.0,1,0.43048622060191766
1.575,0.10834733138818661,105.81484382460435,0,90,3.0,1,0.5838112128784403
1.58,0.1334809643017884,113.37028529184028,0,90,3.0,1,0.7395935111719645
1.585,0.16148868344343945,119.95121217066642,0,90,3.0,1,0.8752827251683799
1.59,0.191860907532018,124.43853022744858,0,90,3.0,1,0.9678047469577027
1.595,0.22384764873847726,126.0,0,90,3.0,1,1.0
1.6,0.25647215537198226,124.34766027518786,0,90,3.0,1,0.9659311396945951
1.605,0.2885689161419028,119.83188579232352,0,90,3.0,1,0.872822387470588
1.61,0.31884566517832524,113.33063921599614,0,90,3.0,1,0.7387760663091988
1.615,0.3459657668955683,105.98251867436208,0,90,3.0,1,0.5872684262755069
1.62,0.3686441789190902,98.87536492166085,0,90,3.0,1,0.4407291736424917
1.625,0.3857476379544367,92.80643509047863,0,90,3.0,1,0.3155965998036831
1.63,0.3963882865005728,88.18058983620915,0,90,3.0,1,0.22021834713833302
1.635,0.4,85.04411319426126,0,90,3.0,1,0.1555487256548713
1.64,0.39638828650057273,83.20164974082076,0,90,3.0,1,0.11755978847053104
1.645,0.38574763795443656,82.35075838790847,0,90,3.0,1,0.10001563686409218
1.65,0.36864417891908974,82.18664603062561,0,90,3.0,1,0.09663187692011567
1.655,0.345965766895568,82.4593416048419,0,90,3.0,1,0.10225446607921435
1.66,0.3188456651783249,82.98936010076446,0,90,3.0,1,0.11318268248998882
1.665,0.28856891614190205,83.65844156520596,0,90,3.0,1,0.12697817660218477
1.67,0.2564721553719815,84.39128642988611,0,90,3.0,1,0.14208837999765173
1.675,0.22384764873847685,85.13833014088996,0,90,3.0,1,0.15749134311113325
1.68,0.19186090753201765,85.86358501918068,0,90,3.0,1,0.1724450519418696
1.685,0.16148868344343878,86.53774164025361,0,90,3.0,1,0.1863451884588374
1.69,0.1334809643017881,87.13514770436207,0,90,3.0,1,0.1986628392651973
1.695,0.10834733138818531,87.63311023993182,0,90,3.0,1,0.20893010803983142
1.7,0.08636519236690572,88.01234649405333,0,90,3.0,1,0.21674941224852232
1.705,0.06760532616242629,88.25784561540895,0,90,3.0,1,0.22181124980224648
1.71,0.05196904332202373,88.35972160168467,0,90,3.0,1,0.22391178560174574
1.715,0.03923107185803287,88.31383084039841,0,90,3.0,1,0.22296558433811153
1.72,0.02908287038705761,88.12203891912183,0,90,3.0,1,0.21901111173447083
1.725,0.02117220077308346,87.79209127073761,0,90,3.0,1,0.21220806743788898
1.73,0.0151361834125735,87.33709330329839,0,90,3.0,1,0.20282666604738944
1.735,0.010626454858290009,86.77464665719775,0,90,3.0,1,0.19122982798345875
1.74,0.007326255555493652,86.12572038682296,0,90,3.0,1,0.1778499048829477
1.745,0.004960179211183015,85.41335773775471,0,90,3.0,1,0.16316201521143728
1.75,0.0032978759379303545,84.6613292794557,0,90,3.0,1,0.1476562738032103
1.755,0.002153242296767213,83.89284106707322,0,90,3.0,1,0.13181115602212826
1.76,0.001380616732225004,83.12939330715007,0,90,3.0,1,0.11606996509587768
1.765,0.0008693106590991584,82.38986307038944,0,90,3.0,1,0.10082191897710183
1.77,0.000537524815942247,81.68985722228209,0,90,3.0,1,0.08638880870684713
1.775,0.0003263951340288585,81.04135260089133,0,90,3.0,1,0.07301757939982123
1.78,0.00019463030985187395,80.45261306492628,0,90,3.0,1,0.060878619895387266
1.785,0.00011397219555062695,79.92835023724436,0,90,3.0,1,0.050069077056584727
1.79,6.55403863487943e-05,79.47007850466264,0,90,3.0,1,0.040620175353868825
1.795,3.701184389455385e-05,79.07660594892458,0,90,3.0,1,0.03250733915308413
1.8,2.0525516217290957e-05,78.74460118423498,0,90,3.0,1,0.025661880087319185
1.805,1.1178128483661116e-05,78.46918052638576,0,90,3.0,1,0.01998310363681971
1.81,5.978135409912517e-06,78.2444689160559,0,90,3.0,1,0.015349874557853478
1.815,3.1396702713238487e-06,78.06409971428411,0,90,3.0,1,0.0116309219440023
1.82,1.6192875458531019e-06,77.92163107405308,0,90,3.0,1,0.008693424207280032
1.825,8.201353897972012e-07,77.8108685318973,0,90,3.0,1,0.006409660451490697
1.83,4.0791415086824765e-07,77.72609363393019,0,90,3.0,1,0.004661724410931766
1.835,1.9923866938774793e-07,77.66220615385751,0,90,3.0,1,0.0033444567805672376
1.84,9.556527981051257e-08,77.6147925595831,0,90,3.0,1,0.0023668568986204967
1.845,4.501406988770349e-08,77.58013598383405,0,90,3.0,1,0.001652288326475351
1.85,0.0,77.55518344728331,0,90,3.0,1,0.0011378030367693226
1.855,0.0,77.53748499883328,0,90,3.0,1,0.0007728865738820285
1.86,0.0,77.52511733723763,0,90,3.0,1,0.0005178832420130192
1.865,0.0,77.51660187395179,0,90,3.0,1,0.0003423066794182526
1.87,0.0,77.51082450507081,0,90,3.0,1,0.00022318567156319368
1.875,0.0,77.5069618779409,0,90,3.0,1,0.000143543875070011
1.88,0.0,77.5044168452331,0,90,3.0,1,9.106897387824837e-05
1.885,0.0,77.50276417401062,0,90,3.0,1,5.699327856952372e-05
1.89,0.0,77.50170642025451,0,90,3.0,1,3.518392277334391e-05
1.895,0.0,77.50103913993615,0,90,3.0,1,2.1425565693892532e-05
1.9,0.0,77.50062420823656,0,90,3.0,1,1.2870272918739032e-05
1.905,0.0,77.50036987278257,0,90,3.0,1,7.626242939602552e-06
1.91,0.0,77.50021619352097,0,90,3.0,1,4.4575983705135985e-06
1.915,0.0,77.5001246523284,0,90,3.0,1,2.5701511009343053e-06
1.92,0.0,77.50007089662091,0,90,3.0,1,1.4617859981804828e-06
1.925,0.0,77.5000397757244,0,90,3.0,1,8.201180289290147e-07
1.93,0.001684486749771458,77.50002201294153,0,90,3.0,1,4.5387508305690605e-07
1.935,0.004172395771277602,77.50001201726069,0,90,3.0,1,2.4777857086603747e-07
1.94,0.009438687428818865,77.50000647143071,0,90,3.0,1,1.3343156100295487e-07
1.945,0.019500507867137046,77.50000343765706,0,90,3.0,1,7.087952694418323e-08
1.95,0.03679496976339974,77.50000180132557,0,90,3.0,1,3.714073333876794e-08
1.955,0.06340728953298436,77.50000093108493,0,90,3.0,1,1.9197627350352085e-08
1.96,0.09979255396093453,77.50000047473779,0,90,3.0,1,9.788408013114397e-09
1.965,0.14343835518453557,77.50000023877328,0,90,3.0,1,4.923160454335133e-09
1.97,0.18829581417209276,77.50000011846365,0,90,3.0,1,2.4425494021417445e-09
1.975,0.2257481735193119,77.50000005797648,0,90,3.0,1,1.1953913139991856e-09
1.98,0.24718154073554727,77.50000002798892,0,90,3.0,1,5.770910896918047e-10
1.985,0.24718154074102772,77.50000001332869,0,90,3.0,1,2.7481829870198784e-10
1.99,0.22574817354072055,77.50000000626119,0,90,3.0,1,1.290966783645419e-10
1.995,0.18829581422840957,77.5000000029013,0,90,3.0,1,5.982066617547126e-11
2.0,0.14343835532456656,77.50000000132616,0,90,3.0,1,2.734344251593095e-11
2.005,0.09979255431561854,77.50000000059795,0,90,3.0,1,1.2328868739207313e-11
2.01,0.06340729067170194,77.50000000026596,0,90,3.0,1,5.483631876185681e-12
2.015,0.03679497683410042,77.50000000011669,0,90,3.0,1,2.4058830529180133e-12
2.02,0.019500578284482293,77.5000000000505,0,90,3.0,1,1.0413479929449055e-12
2.025,0.009439396781978427,77.50000000002156,0,90,3.0,1,4.444920949064214e-13
2.03,0.004178588733610924,77.50000000000908,0,90,3.0,1,1.8723167346420783e-13
2.035,0.0017299316936037381,77.50000000000377,0,90,3.0,1,7.764693813460889e-14
2.04,0.0008997325756988589,77.50000000000155,0,90,3.0,1,3.193779719499007e-14
2.045,0.001634769674224814,77.50000000000063,0,90,3.0,1,1.289232180348223e-14
2.05,0.00614904736476635,77.50000000000024,0,90,3.0,1,4.9811243331635886e-15
2.055,0.02168080359963608,77.5000000000001,0,90,3.0,1,2.0510511960085364e-15
2.06,0.06433400338904088,77.50000000000004,0,90,3.0,1,8.790219411465157e-16
2.065,0.1593410769217493,77.50000000000001,0,90,3.0,1,2.9300731371550523e-16
2.07,0.3291989194808569,77.5,0,90,3.0,1,0.0
2.075,0.5672906802982638,77.5,0,90,3.0,1,0.0
2.08,0.815339152120446,77.5,0,90,3.0,1,0.0
2.085,0.9768711246313155,77.50000284359693,1,90,3.0,1,5.8630864561995826e-08
2.09,0.9726380909165361,77.50000548419933,0,90,3.0,1,1.1307627494144193e-07
2.095,0.7921091683291741,77.50001124088986,0,90,3.0,1,2.317709249813767e-07
2.1,0.49139090102639077,77.50002536697961,0,90,3.0,1,5.230305075000024e-07
2.105,0.15739335672107918,77.50006389056809,0,90,3.0,1,1.3173313007395262e-06
2.11,-0.11102342218909485,77.50017550461766,0,90,3.0,1,3.6186519104816886e-06
2.115,-0.2314207883647528,77.50050312573545,0,90,3.0,1,1.037372650410024e-05
2.12,-0.2029124434754801,77.50144560488555,0,90,3.0,1,2.9806286299926985e-05
2.125,-0.11151350554305876,77.50405253381912,0,90,3.0,1,8.355739833237495e-05
2.13,-0.039430666652076896,77.51091584732082,0,90,3.0,1,0.0002250690169240588
2.135,-0.006087703519843621,77.52802210333864,0,90,3.0,1,0.0005777753265699489
2.14,0.005350271385530551,77.56826624200473,0,90,3.0,1,0.0014075513815407234
2.145,0.010381647827441833,77.65747108052543,0,90,3.0,1,0.003246826402586094
2.15,0.015115203303506243,77.84353029025743,0,90,3.0,1,0.007083098768194506
2.155,0.021170964062928475,78.208294728616,0,90,3.0,1,0.014604015023010236
2.16,0.029082821134029553,78.87971080766134,0,90,3.0,1,0.02844764551879051
2.165,0.03923107061708144,80.03860769687986,0,90,3.0,1,0.052342426739791025
2.17,0.051969043308817596,81.9114678020172,0,90,3.0,1,0.0909580990106639
2.175,0.06760532616283861,84.73967911802492,0,90,3.0,1,0.14927173439226646
2.18,0.08636519236693461,88.71983424376735,0,90,3.0,1,0.23133678853128561
2.185,0.10834733138818661,93.92009701837561,0,90,3.0,1,0.3385587014098065
2.19,0.1334809643017884,100.19265177353559,0,90,3.0,1,0.46788972728939354
2.195,0.16148868344343945,107.11553201194583,0,90,3.0,1,0.6106295260195017
2.2,0.191860907532018,113.99980843728613,0,90,3.0,1,0.7525733698409512
2.205,0.22384764873847726,119.98355460807562,0,90,3.0,1,0.8759495795479509
2.21,0.25647215537198226,124.2034706308707,0,90,3.0,1,0.9629581573375402
2.215,0.2885689161419028,126.0,0,90,3.0,1,1.0
2.22,0.31884566517832524,125.0896730388076,0,90,3.0,1,0.9812303719341774
2.225,0.3459657668955683,121.64309031720336,0,90,3.0,1,0.9101668106639867
2.23,0.3686441789190902,116.23941024525399,0,90,3.0,1,0.7987507267062679
2.235,0.3857476379544367,109.71438740562652,0,90,3.0,1,0.6642141733118871
2.24,0.3963882865005728,102.95711288915504,0,90,3.0,1,0.5248889255495884
2.245,0.4,96.72341910788755,0,90,3.0,1,0.39635915686366086
2.25,0.39638828650057273,91.51813811820595,0,90,3.0,1,0.28903377563311244
2.255,0.38574763795443656,87.5651096594767,0,90,3.0,1,0.2075280342160145
2.26,0.36864417891908974,84.85055753012354,0,90,3.0,1,0.15155788721904204
2.265,0.345965766895568,83.20599367449054,0,90,3.0,1,0.11764935411320707
2.27,0.3188456651783249,82.39522658019695,0,90,3.0,1,0.10093250680818448
2.275,0.28856891614190205,82.18134970860318,0,90,3.0,1,0.09652267440418925
2.28,0.2564721553719815,82.36490781207327,0,90,3.0,1,0.10030737756852103
2.285,0.22384764873847685,82.79649701173709,0,90,3.0,1,0.10920612395334202
2.29,0.19186090753201765,83.37281201706614,0,90,3.0,1,0.12108890756837398
2.295,0.16148868344343878,84.02539184144003,0,90,3.0,1,0.1345441616791758
2.3,0.1334809643017881,84.70859251846929,0,90,3.0,1,0.14863077357668636
2.305,0.10834733138818531,85.39005201648826,0,90,3.0,1,0.1626814848760465
2.31,0.08636519236690572,86.044472758779,0,90,3.0,1,0.17617469605729885
2.315,0.06760532616242629,86.65025529584166,0,90,3.0,1,0.1886650576462198
2.32,0.05196904332202373,87.18810890053072,0,90,3.0,1,0.19975482269135508
2.325,0.03923107185803287,87.64083038423249,0,90,3.0,1,0.2090892862728348
2.33,0.02908287038705761,87.99366494888493,0,90,3.0,1,0.21636422575020467
2.335,0.02117220077308346,88.23487689607546,0,90,3.0,1,0.2213376679603188
2.34,0.0151361834125735,88.35631072246048,0,90,3.0,1,0.2238414581950614
2.345,0.010626454858290009,88.35381801207184,0,90,3.0,1,0.22379006210457403
2.35,0.007326255555493652,88.22748246937488,0,90,3.0,1,0.22118520555412116
2.355,0.004960179211183015,87.98161207029037,0,90,3.0,1,0.21611571278949213
2.36,0.0032978759379303545,87.62449423525337,0,90,3.0,1,0.20875245845883228
2.365,0.002153242296767213,87.1679318019965,0,90,3.0,1,0.199338800041165
2.37,0.001380616732225004,86.62659553682514,0,90,3.0,1,0.18817722756340485
2.375,0.0008693106590991584,86.01724256371354,0,90,3.0,1,0.1756132487363616
2.38,0.000537524815942247,85.35785865287932,0,90,3.0,1,0.16201770418307868
2.385,0.0003263951340288585,84.66678530372789,0,90,3.0,1,0.1477687691490287
2.39,0.00019463030985187395,83.96189001381458,0,90,3.0,1,0.1332348456456615
2.395,0.00011397219555062695,83.25983064690726,0,90,3.0,1,0.11875939478159302
2.4,6.55403863487943e-05,82.57545348721757,0,90,3.0,1,0.10464852550964067
2.405,3.701184389455385e-05,81.92135081114074,0,90,3.0,1,0.09116187239465445
2.41,2.0525516217290957e-05,81.30758917718623,0,90,3.0,2,0.07850699334404598
2.415,1.1178128483661116e-05,80.74160562584288,0,90,3.0,2,0.06683722939882226
2.42,5.978135409912517e-06,80.22825686325584,0,90,3.0,2,0.05625271883001725
2.425,3.1396702713238487e-06,79.76999719568829,0,90,3.0,2,0.046804065890480216
2.43,1.6192875458531019e-06,79.36715499256925,0,90,3.0,2,0.03849804108390215
2.435,8.201353897972012e-07,79.01827487455601,0,90,3.0,2,0.03130463658878378
2.44,4.0791415086824765e-07,78.72049337182925,0,90,3.0,2,0.0251648117902938
2.445,1.9923866938774793e-07,78.46991891897598,0,90,3.0,2,0.01999832822630882
2.45,9.556527981051257e-08,78.26199201676988,0,90,3.0,2,0.015711175603502697
2.455,4.501406988770349e-08,78.09180740822781,0,90,3.0,2,0.01220221460263522
2.46,0.0,77.95438643595452,0,90,3.0,2,0.009368792493907593
2.465,0.0,77.8448937347729,0,90,3.0,2,0.007111211026245273
2.47,0.0,77.75879759554243,0,90,3.0,2,0.005336032897782116
2.475,0.0,77.69197742146481,0,90,3.0,2,0.003958297349789957
2.48,0.0,77.640784569316,0,90,3.0,2,0.0029027746250721038
2.485,0.0,77.60206455450907,0,90,3.0,2,0.0021044238043107246
2.49,0.0,77.5731492398329,0,90,3.0,2,0.0015082317491319794
2.495,0.0,77.55182743021956,0,90,3.0,2,0.0010686068086507364
2.5,0.0,77.53630149568863,0,90,3.0,2,0.0007484844471883127
2.505,0.0,77.52513647346169,0,90,3.0,2,0.0005182778033337254
2.51,0.0,77.51720676241366,0,90,3.0,2,0.0003547786064673088
2.515,0.0,77.511644181374,0,90,3.0,2,0.00024008621389681167
2.52,0.0,77.50778993342809,0,90,3.0,2,0.00016061718408424248
2.525,0.0,77.50515197226336,0,90,3.0,2,0.00010622623223428528
2.53,0.0,77.50336843577756,0,90,3.0,2,6.945228407339903e-05
2.535,0.0,77.50217719842811,0,90,3.0,2,4.489068923947381e-05
2.54,0.0,77.50139117811788,0,90,3.0,2,2.868408490484136e-05
2.545,0.0,77.50087878462313,0,90,3.0,2,1.8119270579912145e-05
2.55,0.0,77.50054877857231,0,90,3.0,2,1.1315022109465176e-05
2.555,0.0,77.50033878707026,0,90,3.0,2,6.985300417782878e-06
2.56,0.0,77.50020676236647,0,90,3.0,2,4.263141576790151e-06
2.565,0.0,77.50012474729766,0,90,3.0,2,2.5721092301349007e-06
2.57,0.0,77.50007440562757,0,90,3.0,2,1.5341366509712372e-06
2.575,0.0,77.5000438728055,0,90,3.0,2,9.045939279563829e-07
2.58,0.0,77.50002557407974,0,90,3.0,2,5.273006132535284e-07
2.585,0.0,77.50001473735715,0,90,3.0,2,3.038630339786548e-07
2.59,0.0,77.50000839564733,0,90,3.0,2,1.7310613046545994e-07
2.595,0.001684486749771458,77.50000472828614,0,90,3.0,2,9.74904359394451e-08
2.6,0.004172395771277602,77.50000263249952,0,90,3.0,2,5.4278340539238665e-08
2.605,0.009438687428818865,77.50000144893144,0,90,3.0,2,2.987487510067366e-08
2.61,0.019500507867137046,77.50000078839227,0,90,3.0,2,1.6255510733581387e-08
2.615,0.03679496976339974,77.50000042408398,0,90,3.0,2,8.743999558777732e-09
2.62,0.06340728953298436,77.50000022551548,0,90,3.0,2,4.649803676113958e-09
2.625,0.09979255396093453,77.5000001185539,0,90,3.0,2,2.4444102915911515e-09
2.63,0.14343835518453557,77.50000006161271,0,90,3.0,2,1.270365146410768e-09
2.635,0.18829581417209276,77.5000000316548,0,90,3.0,2,6.526764283671113e-10
2.64,0.2257481735193119,77.5000000160777,0,90,3.0,2,3.3149909850368374e-10
2.645,0.24718154073554727,77.50000000807279,0,90,3.0,2,1.664492507169945e-10
2.65,0.24718154074102772,77.50000000400718,0,90,3.0,2,8.262220232149817e-11
2.655,0.22574817354072055,77.50000000196638,0,90,3.0,2,4.054400801344189e-11
2.66,0.18829581422840957,77.50000000095392,0,90,3.0,2,1.9668408940467004e-11
2.665,0.14343835532456656,77.50000000045748,0,90,3.0,2,9.432491443129545e-12
2.67,0.09979255431561854,77.50000000021689,0,90,3.0,2,4.471877621926041e-12
2.675,0.06340729067170194,77.50000000010165,0,90,3.0,2,2.095881315007009e-12
2.68,0.03679497683410042,77.5000000000471,0,90,3.0,2,9.710262376531843e-13
2.685,0.019500578284482293,77.50000000002157,0,90,3.0,2,4.4478510222013693e-13
2.69,0.009439396781978427,77.50000000000976,0,90,3.0,2,2.0129602452255209e-13
2.695,0.004178588733610924,77.50000000000438,0,90,3.0,2,9.02462526243756e-14
2.7,0.0017299316936037381,77.50000000000193,0,90,3.0,2,3.984899466530871e-14
2.705,0.0008997325756988589,77.50000000000085,0,90,3.0,2,1.7580438822930315e-14
2.71,0.001634769674224814,77.50000000000037,0,90,3.0,2,7.618190156603136e-15
2.715,0.00614904736476635,77.50000000000016,0,90,3.0,2,3.2230804508705575e-15
2.72,0.02168080359963608,77.50000000000007,0,90,3.0,2,1.465036568577526e-15
2.725,0.06433400338904088,77.50000000000003,0,90,3.0,2,5.860146274310105e-16
2.73,0.1593410769217493,77.50000000000001,0,90,3.0,2,2.9300731371550523e-16
2.735,0.3291989194808569,77.5,0,90,3.0,2,0.0
2.74,0.5672906802982638,77.5,0,90,3.0,2,0.0
2.745,0.815339152120446,77.5,0,90,3.0,2,0.0
2.75,0.9768711246313155,77.50000284359693,1,90,3.0,2,5.8630864561995826e-08
2.755,0.9726380909165361,77.50000548419933,0,90,3.0,2,1.1307627494144193e-07
2.76,0.7921091683291741,77.50001124088986,0,90,3.0,2,2.317709249813767e-07
2.765,0.49139090102639077,77.50002536697961,0,90,3.0,2,5.230305075000024e-07
2.77,0.15739335672107918,77.50006389056809,0,90,3.0,2,1.3173313007395262e-06
2.775,-0.11102342218909485,77.50017550461766,0,90,3.0,2,3.6186519104816886e-06
2.78,-0.2314207883647528,77.50050312573545,0,90,3.0,2,1.037372650410024e-05
2.785,-0.2029124434754801,77.50144560488555,0,90,3.0,2,2.9806286299926985e-05
2.79,-0.11151350554305876,77.50405253381912,0,90,3.0,2,8.355739833237495e-05
2.795,-0.039430666652076896,77.51091584732082,0,90,3.0,2,0.0002250690169240588
2.8,-0.006087703519843621,77.52802210333864,0,90,3.0,2,0.0005777753265699489
2.805,0.005350271385530551,77.56826624200473,0,90,3.0,2,0.0014075513815407234
2.81,0.010381647827441833,77.65747108052543,0,90,3.0,2,0.003246826402586094
2.815,0.015115203303506243,77.84353029025743,0,90,3.0,2,0.007083098768194506
2.82,0.021170964062928475,78.208294728616,0,90,3.0,2,0.014604015023010236
2.825,0.029082821134029553,78.87971080766134,0,90,3.0,2,0.02844764551879051
2.83,0.03923107061708144,80.03860769687986,0,90,3.0,2,0.052342426739791025
2.835,0.051969043308817596,81.9114678020172,0,90,3.0,2,0.0909580990106639
2.84,0.06760532616283861,84.73967911802492,0,90,3.0,2,0.14927173439226646
2.845,0.08636519236693461,88.71983424376735,0,90,3.0,2,0.23133678853128561
2.85,0.10834733138818661,93.92009701837561,0,90,3.0,2,0.3385587014098065
2.855,0.1334809643017884,100.19265177353559,0,90,3.0,2,0.46788972728939354
2.86,0.16148868344343945,107.11553201194583,0,90,3.0,2,0.6106295260195017
2.865,0.191860907532018,113.99980843728613,0,90,3.0,2,0.7525733698409512
2.87,0.22384764873847726,119.98355460807562,0,90,3.0,2,0.8759495795479509
2.875,0.25647215537198226,124.2034706308707,0,90,3.0,2,0.9629581573375402
2.88,0.2885689161419028,126.0,0,90,3.0,2,1.0
2.885,0.31884566517832524,125.0896730388076,0,90,3.0,2,0.9812303719341774
2.89,0.3459657668955683,121.64309031720336,0,90,3.0,2,0.9101668106639867
2.895,0.3686441789190902,116.23941024525399,0,90,3.0,2,0.7987507267062679
2.9,0.3857476379544367,109.71438740562652,0,90,3.0,2,0.6642141733118871
2.905,0.3963882865005728,102.95711288915504,0,90,3.0,2,0.5248889255495884
2.91,0.4,96.72341910788755,0,90,3.0,2,0.39635915686366086
2.915,0.39638828650057273,91.51813811820595,0,90,3.0,2,0.28903377563311244
2.92,0.38574763795443656,87.5651096594767,0,90,3.0,2,0.2075280342160145
2.925,0.36864417891908974,84.85055753012354,0,90,3.0,2,0.15155788721904204
2.93,0.345965766895568,83.20599367449054,0,90,3.0,2,0.11764935411320707
2.935,0.3188456651783249,82.39522658019695,0,90,3.0,2,0.10093250680818448
2.94,0.28856891614190205,82.18134970860318,0,90,3.0,2,0.09652267440418925
2.945,0.2564721553719815,82.36490781207327,0,90,3.0,2,0.10030737756852103
2.95,0.22384764873847685,82.79649701173709,0,90,3.0,2,0.10920612395334202
2.955,0.19186090753201765,83.37281201706614,0,90,3.0,2,0.12108890756837398
2.96,0.16148868344343878,84.02539184144003,0,90,3.0,2,0.1345441616791758
2.965,0.1334809643017881,84.70859251846929,0,90,3.0,2,0.14863077357668636
2.97,0.10834733138818531,85.39005201648826,0,90,3.0,2,0.1626814848760465
2.975,0.08636519236690572,86.044472758779,0,90,3.0,2,0.17617469605729885
2.98,0.06760532616242629,86.65025529584166,0,90,3.0,2,0.1886650576462198
2.985,0.05196904332202373,87.18810890053072,0,90,3.0,2,0.19975482269135508
2.99,0.03923107185803287,87.64083038423249,0,90,3.0,2,0.2090892862728348
2.995,0.02908287038705761,87.99366494888493,0,90,3.0,2,0.21636422575020467
3.0,0.02117220077308346,88.23487689607546,0,90,3.0,2,0.2213376679603188
3.005,0.0151361834125735,88.35631072246048,0,90,3.0,2,0.2238414581950614
3.01,0.010626454858290009,88.35381801207184,0,90,3.0,2,0.22379006210457403
3.015,0.007326255555493652,88.22748246937488,0,90,3.0,2,0.22118520555412116
3.02,0.004960179211183015,87.98161207029037,0,90,3.0,2,0.21611571278949213
3.025,0.0032978759379303545,87.62449423525337,0,90,3.0,2,0.20875245845883228
3.03,0.002153242296767213,87.1679318019965,0,90,3.0,2,0.199338800041165
3.035,0.001380616732225004,86.62659553682514,0,90,3.0,2,0.18817722756340485
3.04,0.0008693106590991584,86.01724256371354,0,90,3.0,2,0.1756132487363616
3.045,0.000537524815942247,85.35785865287932,0,90,3.0,2,0.16201770418307868
3.05,0.0003263951340288585,84.66678530372789,0,90,3.0,2,0.1477687691490287
3.055,0.00019463030985187395,83.96189001381458,0,90,3.0,2,0.1332348456456615
3.06,0.00011397219555062695,83.25983064690726,0,90,3.0,2,0.11875939478159302
3.065,6.55403863487943e-05,82.57545348721757,0,90,3.0,2,0.10464852550964067
3.07,3.701184389455385e-05,81.92135081114074,0,90,3.0,2,0.09116187239465445
3.075,2.0525516217290957e-05,81.30758917718623,0,90,3.0,2,0.07850699334404598
3.08,1.1178128483661116e-05,80.74160562584288,0,90,3.0,2,0.06683722939882226
3.085,5.978135409912517e-06,80.22825686325584,0,90,3.0,2,0.05625271883001725
3.09,3.1396702713238487e-06,79.76999719568829,0,90,3.0,2,0.046804065890480216
3.095,1.6192875458531019e-06,79.36715499256925,0,90,3.0,2,0.03849804108390215
3.1,8.201353897972012e-07,79.01827487455601,0,90,3.0,2,0.03130463658878378
3.105,4.0791415086824765e-07,78.72049337182925,0,90,3.0,2,0.0251648117902938
3.11,1.9923866938774793e-07,78.46991891897598,0,90,3.0,2,0.01999832822630882
3.115,9.556527981051257e-08,78.26199201676988,0,90,3.0,2,0.015711175603502697
3.12,4.501406988770349e-08,78.09180740822781,0,90,3.0,2,0.01220221460263522
3.125,0.0,77.95438643595452,0,90,3.0,2,0.009368792493907593
3.13,0.0,77.8448937347729,0,90,3.0,2,0.007111211026245273
3.135,0.0,77.75879759554243,0,90,3.0,2,0.005336032897782116
3.14,0.0,77.69197742146481,0,90,3.0,2,0.003958297349789957
3.145,0.0,77.640784569316,0,90,3.0,2,0.0029027746250721038
3.15,0.0,77.60206455450907,0,90,3.0,2,0.0021044238043107246
3.155,0.0,77.5731492398329,0,90,3.0,2,0.0015082317491319794
3.16,0.0,77.55182743021956,0,90,3.0,2,0.0010686068086507364
3.165,0.0,77.53630149568863,0,90,3.0,2,0.0007484844471883127
3.17,0.0,77.52513647346169,0,90,3.0,2,0.0005182778033337254
3.175,0.0,77.51720676241366,0,90,3.0,2,0.0003547786064673088
3.18,0.0,77.511644181374,0,90,3.0,2,0.00024008621389681167
3.185,0.0,77.50778993342809,0,90,3.0,2,0.00016061718408424248
3.19,0.0,77.50515197226336,0,90,3.0,2,0.00010622623223428528
3.195,0.0,77.50336843577756,0,90,3.0,2,6.945228407339903e-05
3.2,0.0,77.50217719842811,0,90,3.0,2,4.489068923947381e-05
3.205,0.0,77.50139117811788,0,90,3.0,2,2.868408490484136e-05
3.21,0.0,77.50087878462313,0,90,3.0,2,1.8119270579912145e-05
3.215,0.0,77.50054877857231,0,90,3.0,2,1.1315022109465176e-05
3.22,0.0,77.50033878707026,0,90,3.0,2,6.985300417782878e-06
3.225,0.0,77.50020676236647,0,90,3.0,2,4.263141576790151e-06
3.23,0.0,77.50012474729766,0,90,3.0,2,2.5721092301349007e-06
3.235,0.0,77.50007440562757,0,90,3.0,2,1.5341366509712372e-06
3.24,0.0,77.5000438728055,0,90,3.0,2,9.045939279563829e-07
3.245,0.0,77.50002557407974,0,90,3.0,2,5.273006132535284e-07
3.25,0.0,77.50001473735715,0,90,3.0,2,3.038630339786548e-07
3.255,0.0,77.50000839564733,0,90,3.0,2,1.7310613046545994e-07
3.26,0.001684486749771458,77.50000472828614,0,90,3.0,2,9.74904359394451e-08
3.265,0.004172395771277602,77.50000263249952,0,90,3.0,2,5.4278340539238665e-08
3.27,0.009438687428818865,77.50000144893144,0,90,3.0,2,2.987487510067366e-08
3.275,0.019500507867137046,77.50000078839227,0,90,3.0,2,1.6255510733581387e-08
3.28,0.03679496976339974,77.50000042408398,0,90,3.0,2,8.743999558777732e-09
3.285,0.06340728953298436,77.50000022551548,0,90,3.0,2,4.649803676113958e-09
3.29,0.09979255396093453,77.5000001185539,0,90,3.0,2,2.4444102915911515e-09
3.295,0.14343835518453557,77.50000006161271,0,90,3.0,2,1.270365146410768e-09
3.3,0.18829581417209276,77.5000000316548,0,90,3.0,2,6.526764283671113e-10
3.305,0.2257481735193119,77.5000000160777,0,90,3.0,2,3.3149909850368374e-10
3.31,0.24718154073554727,77.50000000807279,0,90,3.0,2,1.664492507169945e-10
3.315,0.24718154074102772,77.50000000400718,0,90,3.0,2,8.262220232149817e-11
3.32,0.22574817354072055,77.50000000196638,0,90,3.0,2,4.054400801344189e-11
3.325,0.18829581422840957,77.50000000095392,0,90,3.0,2,1.9668408940467004e-11
3.33,0.14343835532456656,77.50000000045748,0,90,3.0,2,9.432491443129545e-12
3.335,0.09979255431561854,77.50000000021689,0,90,3.0,2,4.471877621926041e-12
3.34,0.06340729067170194,77.50000000010165,0,90,3.0,2,2.095881315007009e-12
3.345,0.03679497683410042,77.5000000000471,0,90,3.0,2,9.710262376531843e-13
3.35,0.019500578284482293,77.50000000002157,0,90,3.0,2,4.4478510222013693e-13
3.355,0.009439396781978427,77.50000000000976,0,90,3.0,2,2.0129602452255209e-13
3.36,0.004178588733610924,77.50000000000438,0,90,3.0,2,9.02462526243756e-14
3.365,0.0017299316936037381,77.50000000000193,0,90,3.0,2,3.984899466530871e-14
3.37,0.0008997325756988589,77.50000000000085,0,90,3.0,2,1.7580438822930315e-14
3.375,0.001634769674224814,77.50000000000037,0,90,3.0,2,7.618190156603136e-15
3.38,0.00614904736476635,77.50000000000016,0,90,3.0,2,3.2230804508705575e-15
3.385,0.02168080359963608,77.50000000000007,0,90,3.0,2,1.465036568577526e-15
3.39,0.06433400338904088,77.50000000000003,0,90,3.0,2,5.860146274310105e-16
3.395,0.1593410769217493,77.50000000000001,0,90,3.0,2,2.9300731371550523e-16
3.4,0.3291989194808569,77.5,0,90,3.0,2,0.0
3.405,0.5672906802982638,77.5,0,90,3.0,2,0.0
3.41,0.815339152120446,77.5,0,90,3.0,2,0.0
3.415,0.9768711246313155,77.5000028575978,1,90,3.0,2,5.8919542399643876e-08
3.42,0.9726380909165361,77.50000575945259,0,90,3.0,2,1.1875159982045045e-07
3.425,0.7921091683291741,77.50001247170877,0,90,3.0,2,2.571486344639141e-07
3.43,0.49139090102639077,77.5000302285082,0,90,3.0,2,6.232682101925974e-07
3.435,0.15739335672107918,77.50008277928515,0,90,3.0,2,1.7067893845565196e-06
3.44,-0.11102342218909485,77.50024711032393,0,90,3.0,2,5.095058225275896e-06
3.445,-0.2314207883647528,77.500761906128,0,90,3.0,2,1.570940470114036e-05
3.45,-0.2029124434754801,77.50232367895711,0,90,3.0,2,4.791090633219581e-05
3.455,-0.11151350554305876,77.50682980175638,0,90,3.0,2,0.00014082065477076134
3.46,-0.039430666652076896,77.5190818325946,0,90,3.0,2,0.00039343984731121776
3.465,-0.006087703519843621,77.55032658431828,0,90,3.0,2,0.0010376615323357632
3.47,0.005350271385530551,77.62486111399137,0,90,3.0,2,0.00257445595858499
3.475,0.010381647827441833,77.79089628192624,0,90,3.0,2,0.0059978614830151974
3.48,0.015115203303506243,78.13581030968653,0,90,3.0,2,0.013109490921371826
3.485,0.021170964062928475,78.80310418498046,0,90,3.0,2,0.02686812752537021
3.49,0.029082821134029553,80.0036503319219,0,90,3.0,2,0.05162165632828667
3.495,0.03923107061708144,82.00862464608667,0,90,3.0,2,0.09296133290900357
3.5,0.051969043308817596,85.1094351581589,0,90,3.0,2,0.15689557027131756
3.505,0.06760532616283861,89.53588442832962,0,90,3.0,2,0.24816256553256955
3.51,0.08636519236693461,95.34067984553826,0,90,3.0,2,0.36784906898017034
3.515,0.10834733138818661,102.2828802504138,0,90,3.0,2,0.5109872216580165
3.52,0.1334809643017884,109.76314796610146,0,90,3.0,2,0.6652195456928135
3.525,0.16148868344343945,116.8635603773981,0,90,3.0,2,0.8116198015958371
3.53,0.191860907532018,122.51408790040378,0,90,3.0,2,0.9281255237196656
3.535,0.22384764873847726,125.75350534267997,0,90,3.0,2,0.9949176359315458
3.54,0.25647215537198226,126.0,0,90,3.0,2,1.0
3.545,0.2885689161419028,123.22762570772198,0,90,3.0,2,0.9428376434581852
3.55,0.31884566517832524,117.97571147104895,0,90,3.0,2,0.8345507519803907
3.555,0.3459657668955683,111.18720976466966,0,90,3.0,2,0.6945816446323642
3.56,0.3686441789190902,103.94297749733238,0,90,3.0,2,0.5452160308728325
3.565,0.3857476379544367,97.19497900171685,0,90,3.0,2,0.4060820412725123
3.57,0.3963882865005728,91.58715852017986,0,90,3.0,2,0.2904568767047393
3.575,0.4,87.40231943688003,0,90,3.0,2,0.20417153478103164
3.58,0.39638828650057273,84.61776733767618,0,90,3.0,2,0.14675808943662236
3.585,0.38574763795443656,83.01870255620567,0,90,3.0,2,0.11378768157125088
3.59,0.36864417891908974,82.31532374904685,0,90,3.0,2,0.09928502575354338
3.595,0.345965766895568,82.22852513749818,0,90,3.0,2,0.0974953636597563
3.6,0.3188456651783249,82.53379724975913,0,90,3.0,2,0.10378963401565221
3.605,0.28856891614190205,83.07090796955741,0,90,3.0,2,0.11486408184654455
3.61,0.2564721553719815,83.73393365366984,0,90,3.0,2,0.12853471450865642
3.615,0.22384764873847685,84.45472567769907,0,90,3.0,3,0.1433964057257541
3.62,0.19186090753201765,85.18779931345597,0,90,3.0,3,0.15851132605063853
3.625,0.16148868344343878,85.89973780936282,0,90,3.0,3,0.1731904702961406
3.63,0.1334809643017881,86.56315147784285,0,90,3.0,3,0.18686910263593506
3.635,0.10834733138818531,87.15399280259183,0,90,3.0,3,0.1990513979915841
3.64,0.08636519236690572,87.65090403830237,0,90,3.0,3,0.20929699048046127
3.645,0.06760532616242629,88.03559075757407,0,90,3.0,3,0.21722867541389834
3.65,0.05196904332202373,88.2935803580661,0,90,3.0,3,0.22254804861991948
3.655,0.03923107185803287,88.41499512294472,0,90,3.0,3,0.22505144583391168
3.66,0.02908287038705761,88.3951361310454,0,90,3.0,3,0.2246419820834104
3.665,0.02117220077308346,88.23477150863336,0,90,3.0,3,0.22133549502336822
3.67,0.0151361834125735,87.94008324256698,0,90,3.0,3,0.2152594483003502
3.675,0.010626454858290009,87.52227066579813,0,90,3.0,3,0.20664475599583776
3.68,0.007326255555493652,86.99684394559772,0,90,3.0,3,0.19581121537314883
3.685,0.004960179211183015,86.38266910719653,0,90,3.0,3,0.18314781664322752
3.69,0.0032978759379303545,85.70084635302014,0,90,3.0,3,0.16908961552618845
3.695,0.002153242296767213,84.97351438020993,0,90,3.0,3,0.15409308000432853
3.7,0.001380616732225004,84.22267447021218,0,90,3.0,3,0.13861184474664295
3.705,0.0008693106590991584,83.46911983680923,0,90,3.0,3,0.12307463581049953
3.71,0.000537524815942247,82.73153966075022,0,90,3.0,3,0.10786679712887041
3.715,0.0003263951340288585,82.02584581584142,0,90,3.0,3,0.09331640857404992
3.72,0.00019463030985187395,81.36474634664565,0,90,3.0,3,0.07968549168341538
3.725,0.00011397219555062695,80.75756615651035,0,90,3.0,3,0.06716631250536804
3.73,6.55403863487943e-05,80.21029461204587,0,90,3.0,3,0.05588236313496642
3.735,3.701184389455385e-05,79.72582372581968,0,90,3.0,3,0.04589327269731299
3.74,2.0525516217290957e-05,79.30433029623575,0,90,3.0,3,0.037202686520324685
3.745,1.1178128483661116e-05,78.94375108500397,0,90,3.0,3,0.02976806360832922
3.75,5.978135409912517e-06,78.6403012861791,0,90,3.0,3,0.023511366725342178
3.755,3.1396702713238487e-06,78.38899212332203,0,90,3.0,3,0.01832973450148508
3.76,1.6192875458531019e-06,78.18411201851102,0,90,3.0,3,0.014105402443526096
3.765,8.201353897972012e-07,78.01964593661293,0,90,3.0,3,0.010714349208514058
3.77,4.0791415086824765e-07,77.88961786250023,0,90,3.0,3,0.008033357989695478
3.775,1.9923866938774793e-07,77.78835082046433,0,90,3.0,3,0.00594537774153259
3.78,9.556527981051257e-08,77.71064663791375,0,90,3.0,3,0.004343229647706275
3.785,4.501406988770349e-08,77.65189339194916,0,90,3.0,3,0.003131822514415644
3.79,0.0,77.60811208361164,0,90,3.0,3,0.002229115126013279
3.795,0.0,77.57595574061222,0,90,3.0,3,0.0015660977445817639
3.8,0.0,77.55267420338132,0,90,3.0,3,0.0010860660490992786
3.805,0.0,77.53605673168623,0,90,3.0,3,0.0007434377667263946
3.81,0.0,77.5243627185632,0,90,3.0,3,0.0005023240940865256
3.815,0.0,77.5162486074524,0,90,3.0,3,0.00033502283407003855
3.82,0.0,77.51069689058352,0,90,3.0,3,0.00022055444502097765
3.825,0.0,77.50695104289521,0,90,3.0,3,0.00014332047206618516
3.83,0.0,77.50445854743928,0,90,3.0,3,9.192881318112667e-05
3.835,0.0,77.50282285014478,0,90,3.0,3,5.820309576868745e-05
3.84,0.0,77.50176414087863,0,90,3.0,3,3.6374038734734734e-05
3.845,0.0,77.50108825259593,0,90,3.0,3,2.243819785432147e-05
3.85,0.0,77.50066263926765,0,90,3.0,3,1.3662665312272252e-05
3.855,0.0,77.5003982682018,0,90,3.0,3,8.21171550115913e-06
3.86,0.0,77.50023627899034,0,90,3.0,3,4.871731759648515e-06
3.865,0.0,77.50013836478986,0,90,3.0,3,2.8528822651972487e-06
3.87,0.0,77.50007997920402,0,90,3.0,3,1.6490557529262322e-06
3.875,0.0,77.50004563305828,0,90,3.0,3,9.408877995437504e-07
3.88,0.0,77.50002569999755,0,90,3.0,3,5.298968567120065e-07
3.885,0.001684486749771458,77.50001428688657,0,90,3.0,3,2.9457498078382865e-07
3.89,0.004172395771277602,77.50000783958583,0,90,3.0,3,1.6164094502753344e-07
3.895,0.009438687428818865,77.50000424619222,0,90,3.0,3,8.755035503444439e-08
3.9,0.019500507867137046,77.50000227016378,0,90,3.0,3,4.68075005376226e-08
3.905,0.03679496976339974,77.5000011980246,0,90,3.0,3,2.4701538262720017e-08
3.91,0.06340728953298436,77.50000062405849,0,90,3.0,3,1.2867185292053205e-08
3.915,0.09979255396093453,77.50000032087499,0,90,3.0,3,6.61597915055121e-09
3.92,0.14343835518453557,77.50000016285362,0,90,3.0,3,3.3578066787535154e-09
3.925,0.18829581417209276,77.50000008158494,0,90,3.0,3,1.682163778260127e-09
3.93,0.2257481735193119,77.50000004034351,0,90,3.0,3,8.318249090678495e-10
3.935,0.24718154073554727,77.50000001969192,0,90,3.0,3,4.060190625863207e-10
3.94,0.24718154074102772,77.50000000948755,0,90,3.0,3,1.956195938339416e-10
3.945,0.22574817354072055,77.50000000451202,0,90,3.0,3,9.303128714124149e-11
3.95,0.18829581422840957,77.50000000211806,0,90,3.0,3,4.367127507272748e-11
3.955,0.14343835532456656,77.50000000098143,0,90,3.0,3,2.0235671099820222e-11
3.96,0.09979255431561854,77.50000000044888,0,90,3.0,3,9.255222018331663e-12
3.965,0.06340729067170194,77.50000000020265,0,90,3.0,3,4.178284293583105e-12
3.97,0.03679497683410042,77.50000000009031,0,90,3.0,3,1.862061478662036e-12
3.975,0.019500578284482293,77.50000000003972,0,90,3.0,3,8.189554418348371e-13
3.98,0.009439396781978427,77.50000000001725,0,90,3.0,3,3.5571087885062335e-13
3.985,0.004178588733610924,77.50000000000739,0,90,3.0,3,1.523638031320627e-13
3.99,0.0017299316936037381,77.50000000000313,0,90,3.0,3,6.446160901741115e-14
3.995,0.0008997325756988589,77.50000000000131,0,90,3.0,3,2.695667286182648e-14
4.0,0.001634769674224814,77.50000000000054,0,90,3.0,3,1.1134277921189199e-14
4.005,0.00614904736476635,77.50000000000021,0,90,3.0,3,4.395109705732579e-15
4.01,0.02168080359963608,77.50000000000009,0,90,3.0,3,1.7580438822930315e-15
4.015,0.06433400338904088,77.50000000000003,0,90,3.0,3,5.860146274310105e-16
4.02,0.1593410769217493,77.50000000000001,0,90,3.0,3,2.9300731371550523e-16
4.025,0.3291989194808569,77.5,0,90,3.0,3,0.0
4.03,0.5672906802982638,77.5,0,90,3.0,3,0.0
4.035,0.815339152120446,77.5,0,90,3.0,3,0.0
4.04,0.9768711246313155,77.50000285328441,1,90,3.0,3,5.883060647572643e-08
4.045,0.9726380909165361,77.50000562140409,0,90,3.0,3,1.1590523887282392e-07
4.05,0.7921091683291741,77.50001183073464,0,90,3.0,3,2.4393267289710397e-07
4.055,0.49139090102639077,77.50002762917026,0,90,3.0,3,5.696736136471992e-07
4.06,0.15739335672107918,77.50007245443882,0,90,3.0,3,1.4939059550923367e-06
4.065,-0.11102342218909485,77.50020725996767,0,90,3.0,3,4.273401395187075e-06
4.07,-0.2314207883647528,77.50061582704151,0,90,3.0,3,1.269746477348854e-05
4.075,-0.2029124434754801,77.50182248868452,0,90,3.0,3,3.757708627885804e-05
4.08,-0.11151350554305876,77.5052310715901,0,90,3.0,3,0.00010785714618768954
4.085,-0.039430666652076896,77.51435172175279,0,90,3.0,3,0.0002959117887172917
4.09,-0.006087703519843621,77.53735285072946,0,90,3.0,3,0.0007701618707105621
4.095,0.005350271385530551,77.5918691803079,0,90,3.0,3,0.0018942099032555814
4.1,0.010381647827441833,77.71309481986977,0,90,3.0,3,0.004393707626180756
4.105,0.015115203303506243,77.96566482587883,0,90,3.0,3,0.009601336616058397
4.11,0.021170964062928475,78.45812550344493,0,90,3.0,3,0.01975516501948315
4.115,0.029082821134029553,79.35558674678168,0,90,3.0,3,0.03825952055219964
4.12,0.03923107061708144,80.88198151748664,0,90,3.0,3,0.06973157768013682
4.125,0.051969043308817596,83.30025257051231,0,90,3.0,3,0.11959283650540853
4.13,0.06760532616283861,86.86014114836432,0,90,3.0,3,0.19299260099720247
4.135,0.08636519236693461,91.71228864363101,0,90,3.0,3,0.29303687925012395
4.14,0.10834733138818661,97.80423612993579,0,90,3.0,3,0.4186440439162018
4.145,0.1334809643017884,104.79307462662686,0,90,3.0,3,0.5627438067345745
4.15,0.16148868344343945,112.02004978372179,0,90,3.0,3,0.7117536037880781
4.155,0.191860907532018,118.58316466468419,0,90,3.0,3,0.8470755600965812
4.16,0.22384764873847726,123.51148828718976,0,90,3.0,3,0.9486904801482425
4.165,0.25647215537198226,126.0,0,90,3.0,3,1.0
4.17,0.2885689161419028,125.62830221298329,0,90,3.0,3,0.9923361281027482
4.175,0.31884566517832524,122.48203243932362,0,90,3.0,3,0.9274645863778066
4.18,0.3459657668955683,117.12925074937131,0,90,3.0,3,0.8170979535952847
4.185,0.3686441789190902,110.46116941721593,0,90,3.0,3,0.6796117405611531
4.19,0.3857476379544367,103.45897551850818,0,90,3.0,3,0.5352366086290347
4.195,0.3963882865005728,96.97065636772538,0,90,3.0,3,0.4014568323242347
4.2,0.4,91.56589466519785,0,90,3.0,3,0.29001844670511023
4.205,0.39638828650057273,87.49604796974954,0,90,3.0,3,0.206104081850506
4.21,0.38574763795443656,84.74329427423734,0,90,3.0,3,0.14934627369561532
4.215,0.36864417891908974,83.11746244254847,0,90,3.0,3,0.11582396788759737
4.22,0.345965766895568,82.3568848664176,0,90,3.0,3,0.10014195600861034
4.225,0.3188456651783249,82.20419486948393,0,90,3.0,3,0.09699370864915315
4.23,0.28856891614190205,82.4474226772088,0,90,3.0,3,0.102008714993996
4.235,0.2564721553719815,82.93146838815557,0,90,3.0,3,0.11198903893104258
4.24,0.22384764873847685,83.55144100802794,0,90,3.0,3,0.12477197954696775
4.245,0.19186090753201765,84.23890517799641,0,90,3.0,3,0.13894649851539
4.25,0.16148868344343878,84.94831218827366,0,90,3.0,3,0.15357344718090024
4.255,0.1334809643017881,85.64686744660881,0,90,3.0,3,0.16797664838368678
4.26,0.10834733138818531,86.30832747591782,0,90,3.0,3,0.18161499950346022
4.265,0.08636519236690572,86.90992131114385,0,90,3.0,3,0.19401899610605872
4.27,0.06760532616242629,87.43130093518502,0,90,3.0,3,0.20476909144711383
4.275,0.05196904332202373,87.85460739278714,0,90,3.0,3,0.21349705964509577
4.28,0.03923107185803287,88.16503318602679,0,90,3.0,3,0.21989759146446988
4.285,0.02908287038705761,88.35150634707973,0,90,3.0,3,0.2237423989088605
4.29,0.02117220077308346,88.40728293523891,0,90,3.0,3,0.22489243165441053
4.295,0.0151361834125735,88.33033092317498,0,90,3.0,3,0.22330579223041203
4.3,0.010626454858290009,88.12344658788109,0,90,3.0,3,0.21904013583259982
4.305,0.007326255555493652,87.79408397232552,0,90,3.0,3,0.2122491540685675
4.31,0.004960179211183015,87.35390857822988,0,90,3.0,3,0.20317337274700778
4.315,0.0032978759379303545,86.81811153597118,0,90,3.0,3,0.19212601105095226
4.32,0.002153242296767213,86.20454017631614,0,90,3.0,3,0.17947505518177614
4.325,0.001380616732225004,85.5327142396845,0,90,3.0,3,0.1656229740141133
4.33,0.0008693106590991584,84.82280306012088,0,90,3.0,3,0.15098563010558508
4.335,0.000537524815942247,84.09463776038064,0,90,3.0,3,0.13597191258516775
4.34,0.0003263951340288585,83.36682439710084,0,90,3.0,3,0.1209654514866153
4.345,0.00019463030985187395,82.65601043153745,0,90,3.0,3,0.10630949343376192
4.35,0.00011397219555062695,81.97633972309383,0,90,3.0,3,0.09229566439368721
4.355,6.55403863487943e-05,81.33911255053565,0,90,3.0,3,0.07915695980485868
4.36,3.701184389455385e-05,80.75264902476607,0,90,3.0,3,0.0670649283456922
4.365,2.0525516217290957e-05,80.22233844465784,0,90,3.0,3,0.05613068958057395
4.37,1.1178128483661116e-05,79.75084496649728,0,90,3.0,3,0.04640917456695429
4.375,5.978135409912517e-06,79.33843213578254,0,90,3.0,3,0.03790581723262969
4.38,3.1396702713238487e-06,78.9833655092204,0,90,3.0,3,0.030584855860214546
4.385,1.6192875458531019e-06,78.682353399043,0,90,3.0,3,0.02437842059882464
4.39,8.201353897972012e-07,78.43098993416538,0,90,3.0,3,0.019195668745677973
4.395,4.0791415086824765e-07,78.22417115200214,0,90,3.0,3,0.014931363958807063
4.4,1.9923866938774793e-07,78.05646263625866,0,90,3.0,3,0.011473456417704288
4.405,9.556527981051257e-08,77.92240529264143,0,90,3.0,3,0.008709387477142862
4.41,4.501406988770349e-08,77.81675337219069,0,90,3.0,3,0.006530997364756479
4.415,0.0,77.73464521201578,0,90,3.0,3,0.004838045608572738
4.42,0.0,77.6717120211314,0,90,3.0,3,0.0035404540439463563
4.425,0.0,77.62413328746686,0,90,3.0,3,0.002559449226120855
4.43,0.0,77.58864910755129,0,90,3.0,3,0.0018278166505420771
4.435,0.0,77.56254016636984,0,90,3.0,3,0.0012894879663885074
4.44,0.0,77.54358552186387,0,90,3.0,3,0.0008986705538943297
4.445,0.0,77.53000709975734,0,90,3.0,3,0.0006187030877802349
4.45,0.0,77.52040818335705,0,90,3.0,3,0.00042078728571233844
4.455,0.0,77.51371144502332,0,90,3.0,3,0.00028271020666635973
4.46,0.0,77.50910040372447,0,90,3.0,3,0.00018763719019534853
4.465,0.0,77.50596673357165,0,90,3.0,3,0.00012302543446709286
4.47,0.0,77.5038646590576,0,90,3.0,3,7.968369190923545e-05
4.475,0.0,77.50247277317126,0,90,3.0,3,5.098501384047511e-05
4.48,0.0,77.50156298902219,0,90,3.0,3,3.222657777711771e-05
4.485,0.0,77.50097594676535,0,90,3.0,3,2.0122613718576384e-05
4.49,0.0,77.50060199777202,0,90,3.0,3,1.2412325196347533e-05
4.495,0.0,77.50036682775895,0,90,3.0,3,7.563458947475906e-06
4.5,0.0,77.50022081473722,0,90,3.0,3,4.552881179766775e-06
4.505,0.0,77.50013130838836,0,90,3.0,3,2.707389450754996e-06
4.51,0.0,77.50007713570277,0,90,3.0,3,1.5904268611824797e-06
4.515,0.0,77.50004476277108,0,90,3.0,3,9.229437336633748e-07
4.52,0.0,77.5000256612047,0,90,3.0,3,5.290970041749967e-07
4.525,0.0,77.50001453234408,0,90,3.0,3,2.996359604512503e-07
4.53,0.001684486749771458,77.50000813004326,0,90,3.0,3,1.6762975784547157e-07
4.535,0.004172395771277602,77.50000449312597,0,90,3.0,3,9.264177259462213e-08
4.54,0.009438687428818865,77.50000245303015,0,90,3.0,3,5.057794121207688e-08
4.545,0.019500507867137046,77.50000132298747,0,90,3.0,3,2.7278092215731037e-08
4.55,0.03679496976339974,77.50000070486692,0,90,3.0,3,1.4533338564677289e-08
4.555,0.06340728953298436,77.50000037098563,0,90,3.0,3,7.64918827934304e-09
4.56,0.09979255396093453,77.50000019288817,0,90,3.0,3,3.97707558524004e-09
4.565,0.14343835518453557,77.5000000990724,0,90,3.0,3,2.042729788299016e-09
4.57,0.18829581417209276,77.50000005026877,0,90,3.0,3,1.0364694211715425e-09
4.575,0.2257481735193119,77.50000002519663,0,90,3.0,3,5.195180826198451e-10
4.58,0.24718154073554727,77.50000001247628,0,90,3.0,3,2.572428410033907e-10
4.585,0.24718154074102772,77.50000000610277,0,90,3.0,3,1.2583023283124142e-10
4.59,0.22574817354072055,77.50000000294894,0,90,3.0,3,6.080282669104563e-11
4.595,0.18829581422840957,77.50000000140768,0,90,3.0,3,2.90244254747168e-11
4.6,0.14343835532456656,77.5000000006638,0,90,3.0,3,1.3686664630964965e-11
4.605,0.09979255431561854,77.50000000030923,0,90,3.0,3,6.375839146449394e-12
4.61,0.06340729067170194,77.50000000014231,0,90,3.0,3,2.9341752395470693e-12
4.615,0.03679497683410042,77.50000000006469,0,90,3.0,3,1.3337692920329797e-12
4.62,0.019500578284482293,77.50000000002905,0,90,3.0,3,5.989069492344927e-13
4.625,0.009439396781978427,77.50000000001289,0,90,3.0,3,2.6575763353996326e-13
4.63,0.004178588733610924,77.50000000000564,0,90,3.0,3,1.1632390354505557e-13
4.635,0.0017299316936037381,77.50000000000244,0,90,3.0,3,5.03972579590669e-14
4.64,0.0008997325756988589,77.50000000000105,0,90,3.0,3,2.1682541214947386e-14
4.645,0.001634769674224814,77.50000000000044,0,90,3.0,3,9.083226725180661e-15
4.65,0.00614904736476635,77.50000000000018,0,90,3.0,3,3.809095078301568e-15
4.655,0.02168080359963608,77.50000000000007,0,90,3.0,3,1.465036568577526e-15
4.66,0.06433400338904088,77.50000000000003,0,90,3.0,3,5.860146274310105e-16
4.665,0.1593410769217493,77.50000000000001,0,90,3.0,3,2.9300731371550523e-16
4.67,0.3291989194808569,77.5,0,90,3.0,3,0.0
4.675,0.5672906802982638,77.5,0,90,3.0,3,0.0
4.68,0.815339152120446,77.5,0,90,3.0,3,0.0
4.685,0.9768711246313155,77.50000284455477,1,90,3.0,3,5.865061384095488e-08
4.69,0.9726380909165361,77.50000580215873,0,90,3.0,3,1.1963213866046006e-07
4.695,0.7921091683291741,77.50001275539046,0,90,3.0,3,2.6299774139467264e-07
4.7,0.49139090102639077,77.50003153289097,0,90,3.0,3,6.501627004562926e-07
4.705,0.15739335672107918,77.50008834514392,0,90,3.0,3,1.8215493592205602e-06
4.71,-0.11102342218909485,77.50026962696381,0,90,3.0,3,5.559318841517676e-06
4.715,-0.2314207883647528,77.50084721852477,0,90,3.0,3,1.746842319109944e-05
4.72,-0.2029124434754801,77.50262352697138,0,90,3.0,3,5.4093339616011907e-05
4.725,-0.11151350554305876,77.5078033638614,0,90,3.0,3,0.00016089410023502665
4.73,-0.039430666652076896,77.52199868923158,0,90,3.0,3,0.00045358122126969516
4.735,-0.006087703519843621,77.55839158559259,0,90,3.0,3,0.0012039502184038775
4.74,0.005350271385530551,77.64544907945715,0,90,3.0,3,0.0029989500919000256
4.745,0.010381647827441833,77.83943363242335,0,90,3.0,3,0.006998631596357746
4.75,0.015115203303506243,78.24149114478274,0,90,3.0,3,0.015288477212015301
4.755,0.021170964062928475,79.01552596208309,0,90,3.0,3,0.03124795798109462
4.76,0.029082821134029553,80.39745622062914,0,90,3.0,3,0.059741365373796665
4.765,0.03923107061708144,82.68089569707755,0,90,3.0,3,0.10682259169232053
4.77,0.051969043308817596,86.16349000922408,0,90,3.0,3,0.1786286599840016
4.775,0.06760532616283861,91.04761566539297,0,90,3.0,3,0.27933228176067976
4.78,0.08636519236693461,97.31105705610833,0,90,3.0,3,0.40847540321872833
4.785,0.10834733138818661,104.59124514857123,0,90,3.0,3,0.558582374197345
4.79,0.1334809643017884,112.14479230420652,0,90,3.0,3,0.714325614519722
4.795,0.16148868344343945,118.93414437414808,0,90,3.0,3,0.8543122551370738
4.8,0.191860907532018,123.84829352749307,0,90,3.0,3,0.9556349180926406
4.805,0.22384764873847726,126.0,0,90,3.0,3,1.0
4.81,0.25647215537198226,124.99217715523251,0,90,3.0,3,0.9792201475305672
4.815,0.2885689161419028,121.04437142658236,0,90,3.0,3,0.8978220912697393
4.82,0.31884566517832524,114.92472257434005,0,90,3.0,4,0.7716437644193825
4.825,0.3459657668955683,107.71690768839707,0,90,3.0,4,0.6230290245030324
4.83,0.3686441789190902,100.51955294559312,0,90,3.0,4,0.4746299576410952
4.835,0.3857476379544367,94.19220054499121,0,90,3.0,4,0.3441690834018806
4.84,0.3963882865005728,89.22431615738736,0,90,3.0,4,0.2417384774719044
4.845,0.4,85.7397757016038,0,90,3.0,4,0.16989228250729493
4.85,0.39638828650057273,83.59551274299349,0,90,3.0,4,0.1256806751132679
4.855,0.38574763795443656,82.51202148824075,0,90,3.0,4,0.10334064924207728
4.86,0.36864417891908974,82.18453997599953,0,90,3.0,4,0.09658845311339231
4.865,0.345965766895568,82.35069195328542,0,90,3.0,4,0.10001426707804989
4.87,0.3188456651783249,82.81534105407329,0,90,3.0,4,0.10959466090872755
4.875,0.28856891614190205,83.44684964319964,0,90,3.0,4,0.12261545656081735
4.88,0.2564721553719815,84.16077579935893,0,90,3.0,4,0.1373355834919367
4.885,0.22384764873847685,84.90235137585982,0,90,3.0,4,0.15262580156412006
4.89,0.19186090753201765,85.6331163605077,0,90,3.0,4,0.1676931208352103
4.895,0.16148868344343878,86.32276772136484,0,90,3.0,4,0.1819127365229864
4.9,0.1334809643017881,86.94520055538263,0,90,3.0,4,0.1947464032037655
4.905,0.10834733138818531,87.47723188509201,0,90,3.0,4,0.2057161213421033
4.91,0.08636519236690572,87.89875236903507,0,90,3.0,4,0.2144072653409292
4.915,0.06760532616242629,88.19347427941852,0,90,3.0,4,0.2204840057612067
4.92,0.05196904332202373,88.34978775287364,0,90,3.0,4,0.22370696397677606
4.925,0.03923107185803287,88.36145639506222,0,90,3.0,4,0.22394755453736537
4.93,0.02908287038705761,88.22801050891252,0,90,3.0,4,0.22119609296726842
4.935,0.02117220077308346,87.95477284458106,0,90,3.0,4,0.21556232669239295
4.94,0.0151361834125735,87.55250483419901,0,90,3.0,4,0.20726814091131984
4.945,0.010626454858290009,87.03670299958162,0,90,3.0,4,0.1966330515377654
4.95,0.007326255555493652,86.42660878786413,0,90,3.0,4,0.18405378944049744
4.955,0.004960179211183015,85.74401975485523,0,90,3.0,4,0.16997978875990166
4.96,0.0032978759379303545,85.01200421327506,0,90,3.0,4,0.15488668480979512
4.965,0.002153242296767213,84.25362432761578,0,90,3.0,4,0.13924998613640788
4.97,0.001380616732225004,83.4907645732292,0,90,3.0,4,0.1235209190356536
4.975,0.0008693106590991584,82.74314518763843,0,90,3.0,4,0.10810608634306047
4.98,0.000537524815942247,82.02757644937837,0,90,3.0,4,0.09335209173976027
4.985,0.0003263951340288585,81.35748261877617,0,90,3.0,4,0.07953572409847783
4.99,0.00019463030985187395,80.74269753063376,0,90,3.0,4,0.0668597428996652
4.995,0.00011397219555062695,80.18951010980362,0,90,3.0,4,0.05545381669698187
5.0,6.55403863487943e-05,79.70091970511072,0,90,3.0,4,0.045379787734241665
5.005,3.701184389455385e-05,79.27704937041982,0,90,3.0,4,0.036640193204532316
5.01,2.0525516217290957e-05,78.91566034163318,0,90,3.0,4,0.029188873023364634
5.015,1.1178128483661116e-05,78.61271236828955,0,90,3.0,4,0.022942523057516498
5.02,5.978135409912517e-06,78.36292100843355,0,90,3.0,4,0.017792185740897845
5.025,3.1396702713238487e-06,78.16027286034101,0,90,3.0,4,0.013613873409092989
5.03,1.6192875458531019e-06,77.99847126514554,0,90,3.0,4,0.01027775804423793
5.035,8.201353897972012e-07,77.87129669790625,0,90,3.0,4,0.0076556020186854794
5.04,4.0791415086824765e-07,77.7728766174986,0,90,3.0,4,0.005626322010280338
5.045,1.9923866938774793e-07,77.69786812413626,0,90,3.0,4,0.004079755136830178
5.05,9.556527981051257e-08,77.64156295752402,0,90,3.0,4,0.0029188238664745575
5.055,4.501406988770349e-08,77.59992811506405,0,90,3.0,4,0.0020603735064751677
5.06,0.0,77.56959692327771,0,90,3.0,4,0.0014349881088188555
5.065,0.0,77.54782518554492,0,90,3.0,4,0.0009860862998953192
5.07,0.0,77.53242556585776,0,90,3.0,4,0.0006685683682013222
5.075,0.0,77.52169115816386,0,90,3.0,4,0.000447240374512603
5.08,0.0,77.51431667597406,0,90,3.0,4,0.0002951891953414032
5.085,0.0,77.50932321990186,0,90,3.0,4,0.00019223133818265347
5.09,0.0,77.5059903739918,0,90,3.0,4,0.000123512865810454
5.095,0.0,77.503797573812,0,90,3.0,4,7.830049096894785e-05
5.1,0.0,77.50237532362256,0,90,3.0,4,4.897574479502613e-05
5.105,0.0,77.50146589758421,0,90,3.0,4,3.02246924579589e-05
5.11,0.0,77.5008925832809,0,90,3.0,4,1.840377898765462e-05
5.115,0.0,77.50053623868786,0,90,3.0,4,1.1056467790873172e-05
5.12,0.0,77.50031785702697,0,90,3.0,4,6.553753133424103e-06
5.125,0.0,77.50018589588124,0,90,3.0,4,3.832904767934976e-06
5.13,0.0,77.50010726844758,0,90,3.0,4,2.211720568632784e-06
5.135,0.0,77.50006107148786,0,90,3.0,4,1.2592059353252255e-06
5.14,0.0,77.5000343059368,0,90,3.0,4,7.073389029596677e-07
5.145,0.001684486749771458,77.50001901359956,0,90,3.0,4,3.920329805206381e-07
5.15,0.004172395771277602,77.50001039737434,0,90,3.0,4,2.143788523562293e-07
5.155,0.009438687428818865,77.50000560979892,0,90,3.0,4,1.1566595708714398e-07
5.16,0.019500507867137046,77.50000298631205,0,90,3.0,4,6.157344442332952e-08
5.165,0.03679496976339974,77.50000156851023,0,90,3.0,4,3.2340417079729975e-08
5.17,0.06340728953298436,77.50000081283763,0,90,3.0,4,1.6759538691554346e-08
5.175,0.09979255396093453,77.5000004156086,0,90,3.0,4,8.569249410863177e-09
5.18,0.14343835518453557,77.50000020966674,0,90,3.0,4,4.323025511448859e-09
5.185,0.18829581417209276,77.50000010436113,0,90,3.0,4,2.151775976186006e-09
5.19,0.2257481735193119,77.50000005125219,0,90,3.0,4,1.0567461132952828e-09
5.195,0.24718154073554727,77.5000000248342,0,90,3.0,4,5.120452240908449e-10
5.2,0.24718154074102772,77.50000001187277,0,90,3.0,4,2.447994064045206e-10
5.205,0.22574817354072055,77.5000000056004,0,90,3.0,4,1.1547213128408461e-10
5.21,0.18829581422840957,77.50000000260646,0,90,3.0,4,5.374135043050196e-11
5.215,0.14343835532456656,77.50000000119687,0,90,3.0,4,2.467766197574728e-11
5.22,0.09979255431561854,77.50000000054226,0,90,3.0,4,1.1180573076756249e-11
5.225,0.06340729067170194,77.5000000002424,0,90,3.0,4,4.997825750045373e-12
5.23,0.03679497683410042,77.50000000010691,0,90,3.0,4,2.204294021081746e-12
5.235,0.019500578284482293,77.50000000004653,0,90,3.0,4,9.593059451045642e-13
5.24,0.009439396781978427,77.50000000001998,0,90,3.0,4,4.1196828308400036e-13
5.245,0.004178588733610924,77.50000000000846,0,90,3.0,4,1.7433935166072562e-13
5.25,0.0017299316936037381,77.50000000000354,0,90,3.0,4,7.295882111516081e-14
5.255,0.0008997325756988589,77.50000000000146,0,90,3.0,4,3.017975331269704e-14
5.26,0.001634769674224814,77.5000000000006,0,90,3.0,4,1.230630717605122e-14
5.265,0.00614904736476635,77.50000000000024,0,90,3.0,4,4.9811243331635886e-15
5.27,0.02168080359963608,77.5000000000001,0,90,3.0,4,2.0510511960085364e-15
5.275,0.06433400338904088,77.50000000000004,0,90,3.0,4,8.790219411465157e-16
5.28,0.1593410769217493,77.50000000000001,0,90,3.0,4,2.9300731371550523e-16
5.285,0.3291989194808569,77.5,0,90,3.0,4,0.0
5.29,0.5672906802982638,77.5,0,90,3.0,4,0.0
5.295,0.815339152120446,77.5,0,90,3.0,4,0.0
5.3,0.9768711246313155,77.50000285552753,1,90,3.0,4,5.887685621515986e-08
5.305,0.9726380909165361,77.50000520447219,0,90,3.0,4,1.0730870491391488e-07
5.31,0.7921091683291741,77.50000995709195,0,90,3.0,4,2.053008648948252e-07
5.315,0.49139090102639077,77.50002056893659,0,90,3.0,4,4.2410178538769276e-07
5.32,0.15739335672107918,77.50004661724779,0,90,3.0,4,9.61180366803748e-07
5.325,-0.11102342218909485,77.5001147729744,0,90,3.0,4,2.366453080393859e-06
5.33,-0.2314207883647528,77.50029764967344,0,90,3.0,4,6.137106668905655e-06
5.335,-0.2029124434754801,77.500785544837,0,90,3.0,4,1.6196800762904832e-05
5.34,-0.11151350554305876,77.50205444575526,0,90,3.0,4,4.235970629408548e-05
5.345,-0.039430666652076896,77.50523518400281,0,90,3.0,4,0.00010794193820234542
5.35,-0.006087703519843621,77.5128715865154,0,90,3.0,4,0.0002653935364000433
5.355,0.005350271385530551,77.53036900776213,0,90,3.0,4,0.000626165108497579
5.36,0.010381647827441833,77.56855265968096,0,90,3.0,4,0.0014134569006383694
5.365,0.015115203303506243,77.64780523667532,0,90,3.0,4,0.003047530653099477
5.37,0.021170964062928475,77.80410206391555,0,90,3.0,4,0.006270145647743309
5.375,0.029082821134029553,78.09673098914041,0,90,3.0,4,0.012303731734853843
5.38,0.03923107061708144,78.61642614987835,0,90,3.0,4,0.02301909587378042
5.385,0.051969043308817596,79.4910919701668,0,90,3.0,4,0.04105344268385168
5.39,0.06760532616283861,80.88464026599783,0,90,3.0,4,0.06978639723706868
5.395,0.08636519236693461,82.98356379225271,0,90,3.0,4,0.11306317097428267
5.4,0.10834733138818661,85.96688820539036,0,90,3.0,4,0.17457501454413116
5.405,0.1334809643017884,89.95903925839481,0,90,3.0,4,0.2568874073895837
5.41,0.16148868344343945,94.97189481779964,0,90,3.0,4,0.36024525397525026
5.415,0.191860907532018,100.85015339549444,0,90,3.0,4,0.48144646176277206
5.42,0.22384764873847726,107.23978686486039,0,90,3.0,4,0.6131914817496988
5.425,0.25647215537198226,113.59888774071936,0,90,3.0,4,0.7443069637261724
5.43,0.2885689161419028,119.26134258801082,0,90,3.0,4,0.8610586100620787
5.435,0.31884566517832524,123.54766026960566,0,90,3.0,4,0.9494362942186734
5.44,0.3459657668955683,125.89923871534836,0,90,3.0,4,0.9979224477391414
5.445,0.3686441789190902,126.0,0,90,3.0,4,1.0
5.45,0.3857476379544367,123.84907570229969,0,90,3.0,4,0.955651045408241
5.455,0.3963882865005728,119.7616889687283,0,90,3.0,4,0.8713750302830576
5.46,0.4,114.29793734683884,0,90,3.0,4,0.7587203576667801
5.465,0.39638828650057273,108.14185634187781,0,90,3.0,4,0.6317908524098518
5.47,0.38574763795443656,101.9669055072934,0,90,3.0,4,0.5044722785008949
5.475,0.36864417891908974,96.32410807616269,0,90,3.0,4,0.3881259397146946
5.48,0.345965766895568,91.5769525838489,0,90,3.0,4,0.2902464450278122
5.485,0.3188456651783249,87.88916740062149,0,90,3.0,4,0.21420963712621627
5.49,0.28856891614190205,85.25525676975919,0,90,3.0,4,0.15990220143833372
5.495,0.2564721553719815,83.5546076577607,0,90,3.0,4,0.12483727129403502
5.5,0.22384764873847685,82.60933738960881,0,90,3.0,4,0.10534716267234662
5.505,0.19186090753201765,82.23158842901915,0,90,3.0,4,0.0975585243096733
5.51,0.16148868344343878,82.25383195221784,0,90,3.0,4,0.09801715365397602
5.515,0.1334809643017881,82.54253002609308,0,90,3.0,4,0.10396969125965104
5.52,0.10834733138818531,82.99947464006678,0,90,3.0,4,0.11339122969209854
5.525,0.08636519236690572,83.55619835507063,0,90,3.0,4,0.12487006917671412
5.53,0.06760532616242629,84.16597981518647,0,90,3.0,4,0.13744288278735
5.535,0.05196904332202373,84.79631481539536,0,90,3.0,4,0.1504394807298013
5.54,0.03923107185803287,85.42315549922839,0,90,3.0,4,0.1633640309119255
5.545,0.02908287038705761,86.02714157677354,0,90,3.0,4,0.1758173520984236
5.55,0.02117220077308346,86.59149776477696,0,90,3.0,4,0.1874535621603497
5.555,0.0151361834125735,87.10110657272229,0,90,3.0,4,0.1979609602623152
5.56,0.010626454858290009,87.54230692597022,0,90,3.0,4,0.20705787476227264
5.565,0.007326255555493652,87.90308268100586,0,90,3.0,4,0.21449655012383206
5.57,0.004960179211183015,88.17341751366388,0,90,3.0,4,0.22007046419925522
5.575,0.0032978759379303545,88.34567729336746,0,90,3.0,4,0.22362221223438059
5.58,0.002153242296767213,88.41493667849002,0,90,3.0,4,0.22505024079360872
5.585,0.001380616732225004,88.37920128564389,0,90,3.0,4,0.22431342856997705
5.59,0.0008693106590991584,88.23949893803727,0,90,3.0,4,0.22143296779458294
5.595,0.000537524815942247,87.99982916518661,0,90,3.0,4,0.21649132299353838
5.6,0.0003263951340288585,87.66697253824412,0,90,3.0,4,0.2096282997576108
5.605,0.00019463030985187395,87.25017186629793,0,90,3.0,4,0.20103447147006048
5.61,0.00011397219555062695,86.76070595231047,0,90,3.0,4,0.19094239076928812
5.615,6.55403863487943e-05,86.2113832602049,0,90,3.0,4,0.17961614969494633
5.62,3.701184389455385e-05,85.61598714496203,0,90,3.0,4,0.1673399411332378
5.625,2.0525516217290957e-05,84.98870603231623,0,90,3.0,4,0.15440630994466453
5.63,1.1178128483661116e-05,84.34358109610417,0,90,3.0,4,0.14110476486812729
5.635,5.978135409912517e-06,83.6940007858222,0,90,3.0,4,0.1277113564087051
5.64,3.1396702713238487e-06,83.05226642030458,0,90,3.0,4,0.11447972000627993
5.645,1.6192875458531019e-06,82.4292465496576,0,90,3.0,4,0.1016339494774764
5.65,8.201353897972012e-07,81.83413054256579,0,90,3.0,4,0.08936351634156264
5.655,4.0791415086824765e-07,81.2742845367467,0,90,3.0,4,0.0778202997267362
5.66,1.9923866938774793e-07,80.75520609839504,0,90,3.0,4,0.0671176515132997
5.665,9.556527981051257e-08,80.28056816437005,0,90,3.0,4,0.05733130235814541
5.67,4.501406988770349e-08,79.8523384350145,0,90,3.0,4,0.04850182340236087
5.675,0.0,79.47095752906112,0,90,3.0,4,0.0406382995682706
5.68,0.0,79.1355579274932,0,90,3.0,4,0.03372284386583908
5.685,0.0,78.84420590116895,0,90,3.0,4,0.02771558559111233
5.69,0.0,78.59415000792092,0,90,3.0,4,0.02255979397775085
5.695,0.0,78.38206205733981,0,90,3.0,4,0.01818684654308884
5.7,0.0,78.20425934252283,0,90,3.0,4,0.01452081118603777
5.705,0.0,78.05690009997573,0,90,3.0,4,0.011482476288159484
5.71,0.0,77.93614728935393,0,90,3.0,4,0.00899272761554486
5.715,0.0,77.83829864822604,0,90,3.0,4,0.006975229860330794
5.72,0.0,77.75988340609467,0,90,3.0,4,0.005358420744220059
5.725,0.0,77.69772793951074,0,90,3.0,4,0.0040768647321802395
5.73,0.0,77.6489939843806,0,90,3.0,4,0.0030720409150638275
5.735,0.0,77.61119381491554,0,90,3.0,4,0.002292655977639955
5.74,0.0,77.58218711388949,0,90,3.0,4,0.0016945796678245193
5.745,0.0,77.5601641841833,0,90,3.0,4,0.0012404986429544937
5.75,0.0,77.5436197866701,0,90,3.0,4,0.0008993770447444632
5.755,0.0,77.53132133361025,0,90,3.0,4,0.0006458006929948596
5.76,0.0,77.52227450985573,0,90,3.0,4,0.00045926824444812335
5.765,0.0,77.51568871125951,0,90,3.0,4,0.00032347858267039835
5.77,0.0,77.51094403786472,0,90,3.0,4,0.00022565026525191484
5.775,0.0,77.50756099771273,0,90,3.0,4,0.00015589686005628865
5.78,0.0,77.50517358786546,0,90,3.0,4,0.00010667191475168768
5.785,0.0,77.50350603102491,0,90,3.0,4,7.228929948272585e-05
5.79,0.0,77.50235315688904,0,90,3.0,4,4.85186987431621e-05
5.795,0.0,77.50156421776774,0,90,3.0,4,3.225191273683317e-05
5.8,0.0,77.50102980441392,0,90,3.0,4,2.1233080699332895e-05
5.805,0.0,77.50067146516402,0,90,3.0,4,1.3844642557073384e-05
5.81,0.0,77.50043361413033,0,90,3.0,4,8.940497532573796e-06
5.815,0.0,77.50027732854254,0,90,3.0,4,5.718114279127888e-06
5.82,0.0,77.50017566972248,0,90,3.0,4,3.622056133621037e-06
5.825,0.0,77.50011020732575,0,90,3.0,4,2.272315994784933e-06
5.83,0.0,77.50006847550058,0,90,3.0,4,1.4118659914130177e-06
5.835,0.0,77.50004213773335,0,90,3.0,4,8.688192442323927e-07
5.84,0.0,77.50002568137829,0,90,3.0,4,5.295129544274741e-07
5.845,0.0,77.50001550160579,0,90,3.0,4,3.1962073788554804e-07
5.85,0.0,77.50000926715127,0,90,3.0,4,1.9107528392504315e-07
5.855,0.0,77.50000548689967,0,90,3.0,4,1.1313195189818685e-07
5.86,0.0,77.5000032175032,0,90,3.0,4,6.63402722904683e-08
5.865,0.0,77.50000186862502,0,90,3.0,4,3.852835092890093e-08
5.87,0.001684486749771458,77.50000107482197,0,90,3.0,4,2.2161277660622368e-08
5.875,0.004172395771277602,77.50000061229697,0,90,3.0,4,1.2624679839907763e-08
5.88,0.009438687428818865,77.50000034546089,0,90,3.0,4,7.122904950856818e-09
5.885,0.019500507867137046,77.50000019303981,0,90,3.0,4,3.980202266284698e-09
5.89,0.03679496976339974,77.50000010683316,0,90,3.0,4,2.2027454774287593e-09
5.895,0.06340728953298436,77.50000005855668,0,90,3.0,4,1.2073542166035622e-09
5.9,0.09979255396093453,77.50000003178762,0,90,3.0,4,6.554148747210964e-10
5.905,0.14343835518453557,77.50000001709034,0,90,3.0,4,3.523782136644232e-10
5.91,0.18829581417209276,77.50000000910028,0,90,3.0,4,1.8763455852056666e-10
5.915,0.2257481735193119,77.50000000479922,0,90,3.0,4,9.895296495143185e-11
5.92,0.24718154073554727,77.50000000250667,0,90,3.0,4,5.1683853073591685e-11
5.925,0.24718154074102772,77.50000000129668,0,90,3.0,4,2.673574534728499e-11
5.93,0.22574817354072055,77.50000000066433,0,90,3.0,4,1.3697505901572438e-11
5.935,0.18829581422840957,77.50000000033708,0,90,3.0,4,6.9501334813317844e-12
5.94,0.14343835532456656,77.5000000001694,0,90,3.0,4,3.4926471794888225e-12
5.945,0.09979255431561854,77.50000000008431,0,90,3.0,4,1.7384123922740925e-12
5.95,0.06340729067170194,77.50000000004157,0,90,3.0,4,8.570463926178528e-13
5.955,0.03679497683410042,77.5000000000203,0,90,3.0,4,4.1841444398574145e-13
5.96,0.019500578284482293,77.5000000000098,0,90,3.0,4,2.021750464636986e-13
5.965,0.009439396781978427,77.5000000000047,0,90,3.0,4,9.698542083983223e-14
5.97,0.004178588733610924,77.50000000000223,0,90,3.0,4,4.600214825333432e-14
5.975,0.0017299316936037381,77.50000000000105,0,90,3.0,4,2.1682541214947386e-14
5.98,0.0008997325756988589,77.50000000000048,0,90,3.0,4,9.962248666327177e-15
5.985,0.001634769674224814,77.50000000000023,0,90,3.0,4,4.688117019448084e-15
5.99,0.00614904736476635,77.5000000000001,0,90,3.0,4,2.0510511960085364e-15
5.995,0.02168080359963608,77.50000000000004,0,90,3.0,4,8.790219411465157e-16
6.0,0.06433400338904088,77.50000000000001,0,90,3.0,4,2.9300731371550523e-16
6.005,0.1593410769217493,77.50000000000001,0,90,3.0,4,2.9300731371550523e-16
6.01,0.3291989194808569,77.5,0,90,3.0,4,0.0
6.015,0.5672906802982638,77.5,0,90,3.0,4,0.0
6.02,0.815339152120446,77.5,0,90,3.0,4,0.0
6.025,0.9768711246313155,77.50000284291268,1,90,3.0,5,5.861675625984043e-08
6.03,0.9726380909165361,77.50000522692886,0,90,3.0,5,1.0777172913539917e-07
6.035,0.7921091683291741,77.50001010593378,0,90,3.0,5,2.0836976870631373e-07
6.04,0.49139090102639077,77.50002115808796,0,90,3.0,5,4.362492363045546e-07
6.045,0.15739335672107918,77.50004873144633,0,90,3.0,5,1.0047720892187725e-06
6.05,-0.11102342218909485,77.50012204127654,0,90,3.0,5,2.5163149802182555e-06
6.055,-0.2314207883647528,77.50032158556677,0,90,3.0,5,6.630630242602117e-06
6.06,-0.2029124434754801,77.50086047282088,0,90,3.0,5,1.7741707646911384e-05
6.065,-0.11151350554305876,77.50227619849099,0,90,3.0,5,4.6931927649260726e-05
6.07,-0.039430666652076896,77.50585406698202,0,90,3.0,5,0.00012070241200050761
6.075,-0.006087703519843621,77.51449898858581,0,90,3.0,5,0.0002989482182642016
6.08,0.005350271385530551,77.53440094392403,0,90,3.0,5,0.0007092978128665301
6.085,0.010381647827441833,77.57796670837776,0,90,3.0,5,0.0016075609974795506
6.09,0.015115203303506243,77.6685259197955,0,90,3.0,5,0.0034747612328968895
6.095,0.021170964062928475,77.84710211151138,0,90,3.0,5,0.00715674456724486
6.1,0.029082821134029553,78.18086360927958,0,90,3.0,5,0.014038424933599664
6.105,0.03923107061708144,78.7715875433569,0,90,3.0,5,0.02621829986302889
6.11,0.051969043308817596,79.76067812311462,0,90,3.0,5,0.04661192006421888
6.115,0.06760532616283861,81.32552390807211,0,90,3.0,5,0.07887678160973431
6.12,0.08636519236693461,83.66132971593116,0,90,3.0,5,0.1270377261016734
6.125,0.10834733138818661,86.94435559703112,0,90,3.0,5,0.19472898138208494
6.13,0.1334809643017884,91.27765000366787,0,90,3.0,5,0.284075257807585
6.135,0.16148868344343945,96.628418341855,0,90,3.0,5,0.3944003781825772
6.14,0.191860907532018,102.77464193552817,0,90,3.0,5,0.5211266378459416
6.145,0.22384764873847726,109.2832947276284,0,90,3.0,5,0.6553256644871835
6.15,0.25647215537198226,115.5393329500605,0,90,3.0,5,0.7843161433002165
6.155,0.2885689161419028,120.83191669137463,0,90,3.0,5,0.8934415812654563
6.16,0.31884566517832524,124.48492700457163,0,90,3.0,5,0.9687613815375594
6.165,0.3459657668955683,126.0,0,90,3.0,5,1.0
6.17,0.3686441789190902,125.17073715235551,0,90,3.0,5,0.9829017969557838
6.175,0.3857476379544367,122.13222029908319,0,90,3.0,5,0.9202519649295502
6.18,0.3963882865005728,117.32968092689705,0,90,3.0,5,0.821230534575197
6.185,0.4,111.41655459304312,0,90,3.0,5,0.6993104039802704
6.19,0.39638828650057273,105.11429578624514,0,90,3.0,5,0.5693669234277348
6.195,0.38574763795443656,99.07544972812437,0,90,3.0,5,0.4448546335695746
6.2,0.36864417891908974,93.78509210187892,0,90,3.0,5,0.3357750948841014
6.205,0.345965766895568,89.51831812564839,0,90,3.0,5,0.24780037372470912
6.21,0.3188456651783249,86.35143581333647,0,90,3.0,5,0.18250383120281372
6.215,0.28856891614190205,84.20981931374517,0,90,3.0,5,0.13834678997412725
6.22,0.2564721553719815,82.92999868673395,0,90,3.0,5,0.11195873580894748
6.225,0.22384764873847685,82.31678578427645,0,90,3.0,5,0.09931517080982366
6.23,0.19186090753201765,82.18425183246814,0,90,3.0,5,0.09658251200965227
6.235,0.16148868344343878,82.37782282094385,0,90,3.0,5,0.10057366641121336
6.24,0.1334809643017881,82.78069542455634,0,90,3.0,5,0.10888031803208952
6.245,0.10834733138818531,83.31030373623537,0,90,3.0,5,0.1198000770357808
6.25,0.08636519236690572,83.91036403083501,0,90,3.0,5,0.13217245424402088
6.255,0.06760532616242629,84.54240741608544,0,90,3.0,5,0.14520427662031832
6.26,0.05196904332202373,85.17885117145109,0,90,3.0,5,0.15832682827734199
6.265,0.03923107185803287,85.79822972686465,0,90,3.0,5,0.17109752014153912
6.27,0.02908287038705761,86.38238945811577,0,90,3.0,5,0.18314205068279932
6.275,0.02117220077308346,86.91513824815956,0,90,3.0,5,0.19412656181772298
6.28,0.0151361834125735,87.38182755512767,0,90,3.0,5,0.20374902175520973
6.285,0.010626454858290009,87.76945625933718,0,90,3.0,5,0.21174136617190054
6.29,0.007326255555493652,88.06701587257524,0,90,3.0,5,0.2178766159293864
6.295,0.004960179211183015,88.26590102215914,0,90,3.0,5,0.2219773406630751
6.3,0.0032978759379303545,88.36027952866407,0,90,3.0,5,0.22392328925080549
6.305,0.002153242296767213,88.34736028951566,0,90,3.0,5,0.22365691318588996
6.31,0.001380616732225004,88.22752467406713,0,90,3.0,5,0.22118607575396138
6.315,0.0008693106590991584,88.00430591779762,0,90,3.0,5,0.216583627171085
6.32,0.000537524815942247,87.68421547101619,0,90,3.0,5,0.20998382414466366
6.325,0.0003263951340288585,87.27642730310674,0,90,3.0,5,0.20157582068261326
6.33,0.00019463030985187395,86.79234121998647,0,90,3.0,5,0.19159466432961791
6.335,0.00011397219555062695,86.24505409713203,0,90,3.0,5,0.1803103937552995
6.34,6.55403863487943e-05,85.64877318084139,0,90,3.0,5,0.16801594187301833
6.345,3.701184389455385e-05,85.0182079909067,0,90,3.0,5,0.15501459775065365
6.35,2.0525516217290957e-05,84.36797682077905,0,90,3.0,5,0.14160776950059895
6.355,1.1178128483661116e-05,83.71206058866679,0,90,3.0,5,0.12808372347766572
6.36,5.978135409912517e-06,83.06333129407486,0,90,3.0,5,0.1147078617335022
6.365,3.1396702713238487e-06,82.43317520844727,0,90,3.0,5,0.10171495275149003
6.37,1.6192875458531019e-06,81.83122290878103,0,90,3.0,5,0.08930356512950577
6.375,8.201353897972012e-07,81.2651901026225,0,90,3.0,5,0.07763278562108243
6.38,4.0791415086824765e-07,80.74082558665786,0,90,3.0,5,0.06682114611665696
6.385,1.9923866938774793e-07,80.26195620089626,0,90,3.0,5,0.0569475505339436
6.39,9.556527981051257e-08,79.8306136902024,0,90,3.0,5,0.04805389051963707
6.395,4.501406988770349e-08,79.44722517980838,0,90,3.0,5,0.04014897277955432
6.4,0.0,79.11084753982108,0,90,3.0,5,0.033213351336517115
6.405,0.0,78.81942611946013,0,90,3.0,5,0.027204662256909946
6.41,0.0,78.57005991099739,0,90,3.0,5,0.02206309094839972
6.415,0.0,78.35925780995424,0,90,3.0,5,0.017716655875345228
6.42,0.0,78.18317389066814,0,90,3.0,5,0.014086059601405024
6.425,0.0,78.03781314146194,0,90,3.0,5,0.011088930751792556
6.43,0.0,77.91920257088249,0,90,3.0,5,0.008643351976958558
6.435,0.0,77.82352574244823,0,90,3.0,5,0.006670633864911868
6.44,0.0,77.7472214363384,0,90,3.0,5,0.00509734920285375
6.445,0.0,77.68704917015539,0,90,3.0,5,0.0038566839207296957
6.45,0.0,77.64012570929647,0,90,3.0,5,0.00288918988240144
6.455,0.0,77.60393749359159,0,90,3.0,5,0.0021430411049811818
6.46,0.0,77.57633417800548,0,90,3.0,5,0.00157390057743261
6.465,0.0,77.55550833549475,0,90,3.0,5,0.0011445017627783479
6.47,0.0,77.53996591435897,0,90,3.0,5,0.0008240394713190312
6.475,0.0,77.52849139278503,0,90,3.0,5,0.00058745139762945
6.48,0.0,77.52011082950858,0,90,3.0,5,0.0004146562785274572
6.485,0.0,77.51405525295831,0,90,3.0,5,0.0002897990300683437
6.49,0.0,77.50972612229039,0,90,3.0,5,0.0002005386039255291
6.495,0.0,77.50666397199244,0,90,3.0,5,0.00013740148438016862
6.5,0.0,77.50452083834722,0,90,3.0,5,9.321316179832194e-05
6.505,0.0,77.5030366670062,0,90,3.0,5,6.261169084947264e-05
6.51,0.0,77.50201961106382,0,90,3.0,5,4.164146523330554e-05
6.515,0.0,77.50132993583813,0,90,3.0,5,2.7421357487193894e-05
6.52,0.0,77.50086713360042,0,90,3.0,5,1.787904330768404e-05
6.525,0.0,77.50055980106244,0,90,3.0,5,1.1542289947150606e-05
6.53,0.0,77.50035782757026,0,90,3.0,5,7.377888046498013e-06
6.535,0.0,77.50022646769418,0,90,3.0,5,4.669436993326505e-06
6.54,0.0,77.50014191591274,0,90,3.0,5,2.926101293508406e-06
6.545,0.0,77.50008805384176,0,90,3.0,5,1.8155431291688728e-06
6.55,0.0,77.5000540950966,0,90,3.0,5,1.1153628165207994e-06
6.555,0.0,77.50003290484658,0,90,3.0,5,6.784504448918147e-07
6.56,0.0,77.50001981774416,0,90,3.0,5,4.0861328165726834e-07
6.565,0.0,77.50001181791718,0,90,3.0,5,2.436683955365129e-07
6.57,0.0,77.50000697782454,0,90,3.0,5,1.4387267093607265e-07
6.575,0.0,77.50000407935522,0,90,3.0,5,8.411041694061985e-08
6.58,0.0,77.50000236132293,0,90,3.0,5,4.8687070668315706e-08
6.585,0.001684486749771458,77.50000135335465,0,90,3.0,5,2.79042195444097e-08
6.59,0.004172395771277602,77.50000076799826,0,90,3.0,5,1.583501564466095e-08
6.595,0.009438687428818865,77.50000043152029,0,90,3.0,5,8.897325597928036e-09
6.6,0.019500507867137046,77.50000024006818,0,90,3.0,5,4.949859280760889e-09
6.605,0.03679496976339974,77.50000013223924,0,90,3.0,5,2.7265821948454573e-09
6.61,0.06340728953298436,77.50000007212378,0,90,3.0,5,1.487088299007755e-09
6.615,0.09979255396093453,77.50000003894834,0,90,3.0,5,8.030586230365161e-10
6.62,0.14343835518453557,77.50000002082533,0,90,3.0,5,4.293881538990146e-10
6.625,0.18829581417209276,77.50000001102522,0,90,3.0,5,2.2732415720721413e-10
6.63,0.2257481735193119,77.5000000057793,0,90,3.0,5,1.191608003564491e-10
6.635,0.24718154073554727,77.50000000299954,0,90,3.0,5,6.184622573518654e-11
6.64,0.24718154074102772,77.50000000154144,0,90,3.0,5,3.1782210311407136e-11
6.645,0.22574817354072055,77.50000000078431,0,90,3.0,5,1.617136665127245e-11
6.65,0.18829581422840957,77.50000000039513,0,90,3.0,5,8.147068357859623e-12
6.655,0.14343835532456656,77.5000000001971,0,90,3.0,5,4.0640114412340575e-12
6.66,0.09979255431561854,77.50000000009734,0,90,3.0,5,2.0071000989512108e-12
6.665,0.06340729067170194,77.5000000000476,0,90,3.0,5,9.815745009469425e-13
6.67,0.03679497683410042,77.50000000002305,0,90,3.0,5,4.752578628465495e-13
6.675,0.019500578284482293,77.50000000001106,0,90,3.0,5,2.2795969007066307e-13
6.68,0.009439396781978427,77.50000000000524,0,90,3.0,5,1.0811969876102142e-13
6.685,0.004178588733610924,77.50000000000246,0,90,3.0,5,5.069026527278241e-14
6.69,0.0017299316936037381,77.50000000000115,0,90,3.0,5,2.3733592410955925e-14
6.695,0.0008997325756988589,77.50000000000053,0,90,3.0,5,1.0841270607473693e-14
6.7,0.001634769674224814,77.50000000000024,0,90,3.0,5,4.9811243331635886e-15
6.705,0.00614904736476635,77.50000000000011,0,90,3.0,5,2.344058509724042e-15
6.71,0.02168080359963608,77.50000000000004,0,90,3.0,5,8.790219411465157e-16
6.715,0.06433400338904088,77.50000000000001,0,90,3.0,5,2.9300731371550523e-16
6.72,0.1593410769217493,77.50000000000001,0,90,3.0,5,2.9300731371550523e-16
6.725,0.3291989194808569,77.5,0,90,3.0,5,0.0
6.73,0.5672906802982638,77.5,0,90,3.0,5,0.0
6.735,0.815339152120446,77.5,0,90,3.0,5,0.0
6.74,0.9768711246313155,77.50000284586159,1,90,3.0,5,5.8677558500516847e-08
6.745,0.9726380909165361,77.50000570245213,0,90,3.0,5,1.1757633254176457e-07
6.75,0.7921091683291741,77.50001225806744,0,90,3.0,5,2.527436586159141e-07
6.755,0.49139090102639077,77.50002942758579,0,90,3.0,5,6.067543461202937e-07
6.76,0.15739335672107918,77.50007969525397,0,90,3.0,5,1.6432011128453615e-06
6.765,-0.11102342218909485,77.50023533387187,0,90,3.0,5,4.8522447808367e-06
6.77,-0.2314207883647528,77.50071883774795,0,90,3.0,5,1.4821396865024148e-05
6.775,-0.2029124434754801,77.50217579271153,0,90,3.0,5,4.4861705392288955e-05
6.78,-0.11151350554305876,77.50635725002037,0,90,3.0,5,0.00013107732000766818
6.785,-0.039430666652076896,77.51768141331813,0,90,3.0,5,0.0003645652230542177
6.79,-0.006087703519843621,77.54648137072928,0,90,3.0,5,0.0009583787779233389
6.795,0.005350271385530551,77.61508024410816,0,90,3.0,5,0.002372788538312508
6.8,0.010381647827441833,77.76784731218491,0,90,3.0,5,0.005522624993503347
6.805,0.015115203303506243,78.08549326951349,0,90,3.0,5,0.012072026175535917
6.81,0.021170964062928475,78.70138007120593,0,90,3.0,5,0.024770723117648087
6.815,0.029082821134029553,79.81333731768606,0,90,3.0,5,0.047697676653320885
6.82,0.03923107061708144,81.67953161509834,0,90,3.0,5,0.08617590958965651
6.825,0.051969043308817596,84.58445788628454,0,90,3.0,5,0.1460712966244235
6.83,0.06760532616283861,88.76559186610127,0,90,3.0,5,0.23228024466188196
6.835,0.08636519236693461,94.30580224572596,0,90,3.0,5,0.34651138650981356
6.84,0.10834733138818661,101.01908127568012,0,90,3.0,5,0.4849295108387654
6.845,0.1334809643017884,108.37758909741606,0,90,3.0,5,0.6366513215962075
6.85,0.16148868344343945,115.53155299925712,0,90,3.0,5,0.7841557319434457
6.855,0.191860907532018,121.44932005335616,0,90,3.0,5,0.9061715474918796
6.86,0.22384764873847726,125.15631195469562,0,90,3.0,5,0.9826043701999098
6.865,0.25647215537198226,126.0,0,90,3.0,5,1.0
6.87,0.2885689161419028,123.8427949295679,0,90,3.0,5,0.9555215449395443
6.875,0.31884566517832524,119.10508764276156,0,90,3.0,5,0.8578368586136405
6.88,0.3459657668955683,112.64051130847515,0,90,3.0,5,0.7245466249170135
6.885,0.3686441789190902,105.4947173494078,0,90,3.0,5,0.5772106669980989
6.89,0.3857476379544367,98.64157127935391,0,90,3.0,5,0.4359086861722456
6.895,0.3963882865005728,92.7872202864701,0,90,3.0,5,0.3152004182777341
6.9,0.4,88.29055850091387,0,90,3.0,5,0.222485742286884
6.905,0.39638828650057273,85.19499150634792,0,90,3.0,5,0.15865961868758593
6.91,0.38574763795443656,83.32841126591062,0,90,3.0,5,0.1201734281631055
6.915,0.36864417891908974,82.41862451624381,0,90,3.0,5,0.10141493847925381
6.92,0.345965766895568,82.1853521137011,0,90,3.0,5,0.09660519822064124
6.925,0.3188456651783249,82.39306572658664,0,90,3.0,5,0.10088795312549777
6.93,0.28856891614190205,82.86818610804693,0,90,3.0,5,0.11068424965045211
6.935,0.2564721553719815,83.49352503596295,0,90,3.0,5,0.12357783579305044
6.94,0.22384764873847685,84.19327652565775,0,90,3.0,5,0.13800570155995362
6.945,0.19186090753201765,84.91762339581283,0,90,3.0,5,0.1529406885734603
6.95,0.16148868344343878,85.63113017574868,0,90,3.0,5,0.16765216857213774
6.955,0.1334809643017881,86.30565243766684,0,90,3.0,5,0.18155984407560488
6.96,0.10834733138818531,86.91685513029627,0,90,3.0,5,0.19416196144940762
6.965,0.08636519236690572,87.44305757969148,0,90,3.0,5,0.2050114964884842
6.97,0.06760532616242629,87.86533772288807,0,90,3.0,5,0.2137183035647025
6.975,0.05196904332202373,88.16817973634383,0,90,3.0,5,0.21996246879059445
6.98,0.03923107185803287,88.3402384667518,0,90,3.0,5,0.22351007147941854
6.985,0.02908287038705761,88.37498162664085,0,90,3.0,5,0.22422642529156384
6.99,0.02117220077308346,88.27108106749418,0,90,3.0,5,0.22208414572152949
6.995,0.0151361834125735,88.03249098378444,0,90,3.0,5,0.21716476255225653
7.0,0.010626454858290009,87.66819648788929,0,90,3.0,5,0.20965353583276886
7.005,0.007326255555493652,87.19165162443677,0,90,3.0,5,0.1998278685450881
7.01,0.004960179211183015,86.61995488836745,0,90,3.0,5,0.18804030697664836
7.015,0.0032978759379303545,85.97283240911523,0,90,3.0,5,0.1746975754456748
7.02,0.002153242296767213,85.27151291372265,0,90,3.0,5,0.16023737966438445
7.025,0.001380616732225004,84.53758349445417,0,90,3.0,5,0.14510481431864264
7.03,0.0008693106590991584,83.79191110989592,0,90,3.0,5,0.1297301259772355
7.035,0.000537524815942247,83.05370269529314,0,90,3.0,5,0.11450933392356989
7.04,0.0003263951340288585,82.33975866855332,0,90,3.0,5,0.09978883852687248
7.045,0.00019463030985187395,81.66395297564524,0,90,3.0,5,0.08585470052876794
7.05,0.00011397219555062695,81.03695029627794,0,90,3.0,5,0.07292681023253478
7.055,6.55403863487943e-05,80.46615012462807,0,90,3.0,5,0.06115773452841386
7.06,3.701184389455385e-05,79.95583016691808,0,90,3.0,5,0.05063567354470261
7.065,2.0525516217290957e-05,79.50744919237871,0,90,3.0,5,0.04139070499749928
7.07,1.1178128483661116e-05,79.12006270877623,0,90,3.0,5,0.03340335482012848
7.075,5.978135409912517e-06,78.7908034547283,0,90,3.0,5,0.02661450422120217
7.08,3.1396702713238487e-06,78.51538196065025,0,90,3.0,5,0.020935710528871037
7.085,1.6192875458531019e-06,78.28856917829346,0,90,3.0,5,0.016259158315329016
7.09,8.201353897972012e-07,78.1046320774523,0,90,3.0,5,0.012466640772212247
7.095,4.0791415086824765e-07,77.95770283268605,0,90,3.0,5,0.009437171807959853
7.1,1.9923866938774793e-07,77.8420716221398,0,90,3.0,5,0.007053023136903054
7.105,9.556527981051257e-08,77.75240126350023,0,90,3.0,5,0.005204149762891385
7.11,4.501406988770349e-08,77.68386837283725,0,90,3.0,5,0.0037911004708711957
7.115,0.0,77.63224022257143,0,90,3.0,5,0.0027266025272458896
7.12,0.0,77.593899037566,0,90,3.0,5,0.0019360626302268875
7.125,0.0,77.56582634489853,0,90,3.0,5,0.0013572442247118605
7.13,0.0,77.54555954431204,0,90,3.0,5,0.0009393720476709601
7.135,0.0,77.53113149901236,0,90,3.0,5,0.0006418865775744446
7.14,0.0,77.5210020517766,0,90,3.0,5,0.00043303199539392604
7.145,0.0,77.51398828420264,0,90,3.0,5,0.0002884182309822584
7.15,0.0,77.50919831335803,0,90,3.0,5,0.00018965594552633241
7.155,0.0,77.50597163128171,0,90,3.0,5,0.0001231264181795915
7.16,0.0,77.50382753172264,0,90,3.0,5,7.891817984814552e-05
7.165,0.0,77.50242206416318,0,90,3.0,5,4.9939467282149394e-05
7.17,0.0,77.50151319019876,0,90,3.0,5,3.119979791266787e-05
7.175,0.0,77.5009333454743,0,90,3.0,5,1.9244236583388782e-05
7.18,0.0,77.50056837159171,0,90,3.0,5,1.171900189095928e-05
7.185,0.0,77.50034171443933,0,90,3.0,5,7.045658542878787e-06
7.19,0.0,77.50020283146561,0,90,3.0,5,4.182092074523604e-06
7.195,0.0,77.50011886345717,0,90,3.0,5,2.450792931437352e-06
7.2,0.0,77.50006877053725,0,90,3.0,5,1.4179492217356982e-06
7.205,0.0,77.50003928235421,0,90,3.0,5,8.099454475996026e-07
7.21,0.0,77.50002215305511,0,90,3.0,5,4.567640229483398e-07
7.215,0.001684486749771458,77.50001233419412,0,90,3.0,5,2.5431328092204194e-07
7.22,0.004172395771277602,77.50000677998857,0,90,3.0,5,1.39793578701409e-07
7.225,0.009438687428818865,77.50000367949464,0,90,3.0,5,7.586586885858215e-08
7.23,0.019500507867137046,77.50000197146203,0,90,3.0,6,4.064870157768363e-08
7.235,0.03679496976339974,77.50000104286885,0,90,3.0,6,2.150245042272574e-08
7.24,0.06340728953298436,77.50000054464309,0,90,3.0,6,1.1229754354363397e-08
7.245,0.09979255396093453,77.50000028082472,0,90,3.0,6,5.7902004474018806e-09
7.25,0.14343835518453557,77.50000014295512,0,90,3.0,6,2.9475281688477126e-09
7.255,0.18829581417209276,77.50000007184642,0,90,3.0,6,1.481369382258656e-09
7.26,0.2257481735193119,77.50000003564934,0,90,3.0,6,7.350378541794027e-10
7.265,0.24718154073554727,77.5000000174638,0,90,3.0,6,3.6007844586886665e-10
7.27,0.24718154074102772,77.50000000844632,0,90,3.0,6,1.7415094795800654e-10
7.275,0.22574817354072055,77.50000000403308,0,90,3.0,6,8.315635465440153e-11
7.28,0.18829581422840957,77.50000000190128,0,90,3.0,6,3.920174150931116e-11
7.285,0.14343835532456656,77.50000000088491,0,90,3.0,6,1.824556542506451e-11
7.29,0.09979255431561854,77.50000000040662,0,90,3.0,6,8.383818267341751e-12
7.295,0.06340729067170194,77.50000000018447,0,90,3.0,6,3.803527939340973e-12
7.3,0.03679497683410042,77.50000000008262,0,90,3.0,6,1.7035445219419474e-12
7.305,0.019500578284482293,77.50000000003654,0,90,3.0,6,7.53321803562564e-13
7.31,0.009439396781978427,77.50000000001594,0,90,3.0,6,3.2875420598879686e-13
7.315,0.004178588733610924,77.50000000000688,0,90,3.0,6,1.4181553983830453e-13
7.32,0.0017299316936037381,77.50000000000293,0,90,3.0,6,6.035950662539408e-14
7.325,0.0008997325756988589,77.50000000000122,0,90,3.0,6,2.519862897953345e-14
7.33,0.001634769674224814,77.50000000000051,0,90,3.0,6,1.0548263293758189e-14
7.335,0.00614904736476635,77.50000000000021,0,90,3.0,6,4.395109705732579e-15
7.34,0.02168080359963608,77.50000000000009,0,90,3.0,6,1.7580438822930315e-15
7.345,0.06433400338904088,77.50000000000003,0,90,3.0,6,5.860146274310105e-16
7.35,0.1593410769217493,77.50000000000001,0,90,3.0,6,2.9300731371550523e-16
7.355,0.3291989194808569,77.5,0,90,3.0,6,0.0
7.36,0.5672906802982638,77.5,0,90,3.0,6,0.0
7.365,0.815339152120446,77.5,0,90,3.0,6,0.0
7.37,0.9768711246313155,77.50000284154457,1,90,3.0,6,5.8588547859734405e-08
7.375,0.9726380909165361,77.5000053717146,0,90,3.0,6,1.1075700192038508e-07
7.38,0.7921091683291741,77.50001074298208,0,90,3.0,6,2.2150478524466606e-07
7.385,0.49139090102639077,77.50002348679206,0,90,3.0,6,4.842637538073627e-07
7.39,0.15739335672107918,77.50005697009982,0,90,3.0,6,1.1746412333992601e-06
7.395,-0.11102342218909485,77.50015058918197,0,90,3.0,6,3.1049315870189172e-06
7.4,-0.2314207883647528,77.50041701098533,0,90,3.0,6,8.598164645990409e-06
7.405,-0.2029124434754801,77.50116397212096,0,90,3.0,6,2.3999425174501196e-05
7.41,-0.11151350554305876,77.50318753865302,0,90,3.0,6,6.572244645408506e-05
7.415,-0.039430666652076896,77.5084286730719,0,90,3.0,6,0.00017378707364751163
7.42,-0.006087703519843621,77.52133349932207,0,90,3.0,6,0.0004398659654034723
7.425,0.005350271385530551,77.55144481044628,0,90,3.0,6,0.001060717741160502
7.43,0.010381647827441833,77.61790113559184,0,90,3.0,6,0.002430951249316211
7.435,0.015115203303506243,77.75645242828497,0,90,3.0,6,0.005287678933710787
7.44,0.021170964062928475,78.02903573913586,0,90,3.0,6,0.010907953384244619
7.445,0.029082821134029553,78.53459389389398,0,90,3.0,6,0.02133183286379348
7.45,0.03923107061708144,79.41759052329515,0,90,3.0,6,0.03953794893392055
7.455,0.051969043308817596,80.86806634460993,0,90,3.0,6,0.0694446668991738
7.46,0.06760532616283861,83.10540651559467,0,90,3.0,6,0.11557539207411682
7.465,0.08636519236693461,86.3392095926369,0,90,3.0,6,0.18225174417808052
7.47,0.10834733138818661,90.70649228025296,0,90,3.0,6,0.27229880990212285
7.475,0.1334809643017884,96.1949399697833,0,90,3.0,6,0.3854626797893465
7.48,0.16148868344343945,102.57400864906828,0,90,3.0,6,0.5169898690529542
7.485,0.191860907532018,109.36346526476575,0,90,3.0,6,0.656978665252902
7.49,0.22384764873847726,115.86591368470812,0,90,3.0,6,0.7910497666950127
7.495,0.25647215537198226,121.27294452158014,0,90,3.0,6,0.9025349385892814
7.5,0.2885689161419028,124.82763298613727,0,90,3.0,6,0.9758274842502531
7.505,0.31884566517832524,126.0,0,90,3.0,6,1.0
7.51,0.3459657668955683,124.61989252433693,0,90,3.0,6,0.9715441757595243
7.515,0.3686441789190902,120.92169697246845,0,90,3.0,6,0.8952927210818238
7.52,0.3857476379544367,115.48501558588413,0,90,3.0,6,0.7831961976470954
7.525,0.3963882865005728,109.09225998185437,0,90,3.0,6,0.6513868037495746
7.53,0.4,102.5515725266867,0,90,3.0,6,0.5165272685914784
7.535,0.39638828650057273,96.54013006952228,0,90,3.0,6,0.392580001433449
7.54,0.38574763795443656,91.50802050032742,0,90,3.0,6,0.2888251649552045
7.545,0.36864417891908974,87.65583209467765,0,90,3.0,6,0.2093985998902608
7.55,0.345965766895568,84.9730956654149,0,90,3.0,6,0.15408444670958563
7.555,0.3188456651783249,83.30975988570115,0,90,3.0,6,0.11978886362270422
7.56,0.28856891614190205,82.45172028278404,0,90,3.0,6,0.10209732541822758
7.565,0.2564721553719815,82.18025697684484,0,90,3.0,6,0.09650014385247103
7.57,0.22384764873847685,82.30741319769757,0,90,3.0,6,0.09912192160201176
7.575,0.19186090753201765,82.68926270610598,0,90,3.0,6,0.1069951073423913
7.58,0.16148868344343878,83.2241320744651,0,90,3.0,6,0.11802334174154852
7.585,0.1334809643017881,83.8435168279006,0,90,3.0,6,0.13079416140001238
7.59,0.10834733138818531,84.50150236715587,0,90,3.0,6,0.14436087354960547
7.595,0.08636519236690572,85.16587686988788,0,90,3.0,6,0.15805931690490477
7.6,0.06760532616242629,85.81199492104422,0,90,3.0,6,0.1713813385782313
7.605,0.05196904332202373,86.41920641796344,0,90,3.0,6,0.18390116325697808
7.61,0.03923107185803287,86.96917992923366,0,90,3.0,6,0.19524082328316827
7.615,0.02908287038705761,87.44541920646472,0,90,3.0,6,0.20506018982401486
7.62,0.02117220077308346,87.83342707600346,0,90,3.0,6,0.21306035208254556
7.625,0.0151361834125735,88.1211518756908,0,90,3.0,6,0.21899282217919175
7.63,0.010626454858290009,88.29949305211028,0,90,3.0,6,0.22266995983732535
7.635,0.007326255555493652,88.36273532154763,0,90,3.0,6,0.22397392415562128
7.64,0.004960179211183015,88.30883732354,0,90,3.0,6,0.22286262522762895
7.645,0.0032978759379303545,88.13953589889951,0,90,3.0,6,0.2193718742041136
7.65,0.002153242296767213,87.86025153974062,0,90,3.0,6,0.21361343380908487
7.655,0.001380616732225004,87.47979971200948,0,90,3.0,6,0.2057690662269996
7.66,0.0008693106590991584,87.00992868416755,0,90,3.0,6,0.19608100379726903
7.665,0.000537524815942247,86.46471740998916,0,90,3.0,6,0.18483953422658067
7.67,0.0003263951340288585,85.85987641344444,0,90,3.0,6,0.17236858584421524
7.675,0.00019463030985187395,85.21199997402755,0,90,3.0,6,0.15901030874283606
7.68,0.00011397219555062695,84.53781895883367,0,90,3.0,6,0.14510966925430244
7.685,6.55403863487943e-05,83.85350054309895,0,90,3.0,6,0.1310000111979164
7.69,3.701184389455385e-05,83.17403435574212,0,90,3.0,6,0.11699039908746645
7.695,2.0525516217290957e-05,82.51273515971924,0,90,3.0,6,0.10335536411792251
7.7,1.1178128483661116e-05,81.88088111637717,0,90,3.0,6,0.09032744569849831
7.705,5.978135409912517e-06,81.28749514724962,0,90,3.0,6,0.07809268344844567
7.71,3.1396702713238487e-06,80.73926599081013,0,90,3.0,6,0.0667889895012397
7.715,1.6192875458531019e-06,80.24059617216766,0,90,3.0,6,0.05650713757046714
7.72,8.201353897972012e-07,79.79375691779815,0,90,3.0,6,0.047293957068003066
7.725,4.0791415086824765e-07,79.39912541232576,0,90,3.0,6,0.039157224996407405
7.73,1.9923866938774793e-07,79.05547776723587,0,90,3.0,6,0.032071706540945794
7.735,9.556527981051257e-08,78.76031144478318,0,90,3.0,6,0.025985802985220293
7.74,4.501406988770349e-08,78.51017324373844,0,90,3.0,6,0.02082831430388527
7.745,0.0,78.30097276926729,0,90,3.0,6,0.016514902459119376
7.75,0.0,78.12826599064017,0,90,3.0,6,0.01295393795134378
7.755,0.0,77.98749847302761,0,90,3.0,6,0.010051514907785854
7.76,0.0,77.87420266617133,0,90,3.0,6,0.007715518890130479
7.765,0.0,77.78414786970576,0,90,3.0,6,0.005858718963005411
7.77,0.0,77.71344492859065,0,90,3.0,6,0.004400926362693753
7.775,0.0,77.6586102266577,0,90,3.0,6,0.0032703139517051565
7.78,0.0,77.61659513782196,0,90,3.0,6,0.0024040234602466038
7.785,0.0,77.58478784625699,0,90,3.0,6,0.0017482030156079722
7.79,0.0,77.56099450010981,0,90,3.0,6,0.001257618558965237
7.795,0.0,77.54340618910628,0,90,3.0,6,0.000894972971263469
7.8,0.0,77.53055741054968,0,90,3.0,6,0.0006300497020551748
7.805,0.0,77.521280672553,0,90,3.0,6,0.0004387767536701931
7.81,0.0,77.51466081314214,0,90,3.0,6,0.0003022848070544963
7.815,0.0,77.50999159166291,0,90,3.0,6,0.0002060121992352594
7.82,0.0,77.5067362035906,0,90,3.0,6,0.00013889079568259346
7.825,0.0,77.50449261953548,0,90,3.0,6,9.263133062852165e-05
7.83,0.0,77.50296406680117,0,90,3.0,6,6.11147794055557e-05
7.835,0.0,77.50193455126167,0,90,3.0,6,3.988765487978404e-05
7.84,0.0,77.5012490401714,0,90,3.0,6,2.5753405595913737e-05
7.845,0.0,77.50079776775692,0,90,3.0,6,1.644881973034083e-05
7.85,0.0,77.50050405794217,0,90,3.0,6,1.0392947261154929e-05
7.855,0.0,77.50031505643443,0,90,3.0,6,6.496008957339617e-06
7.86,0.0,77.5001948050246,0,90,3.0,6,4.016598445477752e-06
7.865,0.0,77.5001191559859,0,90,3.0,6,2.456824451536301e-06
7.87,0.0,77.5000721000363,0,90,3.0,6,1.4865986867166095e-06
7.875,0.0,77.50004315777153,0,90,3.0,6,8.898509593601591e-07
7.88,0.0,77.5000255556216,0,90,3.0,6,5.269200330859189e-07
7.885,0.0,77.50001496986195,0,90,3.0,6,3.086569474418735e-07
7.89,0.0,77.50000867467178,0,90,3.0,6,1.788592118673384e-07
7.895,0.0,77.5000049726995,0,90,3.0,6,1.0252988660148421e-07
7.9,0.001684486749771458,77.50000281991028,0,90,3.0,6,5.8142479971494826e-08
7.905,0.004172395771277602,77.50000158191183,0,90,3.0,6,3.261673879895864e-08
7.91,0.009438687428818865,77.50000087787598,0,90,3.0,6,1.810053559499475e-08
7.915,0.019500507867137046,77.50000048193445,0,90,3.0,6,9.936792776926202e-09
7.92,0.03679496976339974,77.50000026172589,0,90,3.0,6,5.3964100450534765e-09
7.925,0.06340728953298436,77.50000014060777,0,90,3.0,6,2.899129220768185e-09
7.93,0.09979255396093453,77.5000000747267,0,90,3.0,6,1.540756690617142e-09
7.935,0.14343835518453557,77.50000003928676,0,90,3.0,6,8.100362992053372e-10
7.94,0.18829581417209276,77.50000002043245,0,90,3.0,6,4.212876737040357e-10
7.945,0.2257481735193119,77.50000001051232,0,90,3.0,6,2.1674893724059412e-10
7.95,0.24718154073554727,77.50000000535033,0,90,3.0,6,1.1031608158463286e-10
7.955,0.24718154074102772,77.50000000269381,0,90,3.0,6,5.5542466387911174e-11
7.96,0.22574817354072055,77.5000000013417,0,90,3.0,6,2.766399251713571e-11
7.965,0.18829581422840957,77.50000000066107,0,90,3.0,6,1.3630407226731589e-11
7.97,0.14343835532456656,77.50000000032222,0,90,3.0,6,6.643647831185366e-12
7.975,0.09979255431561854,77.50000000015537,0,90,3.0,6,3.2034489608516187e-12
7.98,0.06340729067170194,77.50000000007411,0,90,3.0,6,1.5280331410263597e-12
7.985,0.03679497683410042,77.50000000003497,0,90,3.0,6,7.210909990538583e-13
7.99,0.019500578284482293,77.50000000001633,0,90,3.0,6,3.3666540345911553e-13
7.995,0.009439396781978427,77.50000000000753,0,90,3.0,6,1.5529387626921778e-13
8.0,0.004178588733610924,77.50000000000344,0,90,3.0,6,7.090776991915227e-14
8.005,0.0017299316936037381,77.50000000000155,0,90,3.0,6,3.193779719499007e-14
8.01,0.0008997325756988589,77.5000000000007,0,90,3.0,6,1.4357358372059756e-14
8.015,0.001634769674224814,77.50000000000031,0,90,3.0,6,6.446160901741115e-15
8.02,0.00614904736476635,77.50000000000013,0,90,3.0,6,2.637065823439547e-15
8.025,0.02168080359963608,77.50000000000006,0,90,3.0,6,1.172029254862021e-15
8.03,0.06433400338904088,77.50000000000003,0,90,3.0,6,5.860146274310105e-16
8.035,0.1593410769217493,77.50000000000001,0,90,3.0,6,2.9300731371550523e-16
8.04,0.3291989194808569,77.5,0,90,3.0,6,0.0
8.045,0.5672906802982638,77.5,0,90,3.0,6,0.0
8.05,0.815339152120446,77.5,0,90,3.0,6,0.0
8.055,0.9768711246313155,77.50000284586159,1,90,3.0,6,5.8677558500516847e-08
8.06,0.9726380909165361,77.50000570245213,0,90,3.0,6,1.1757633254176457e-07
8.065,0.7921091683291741,77.50001225806744,0,90,3.0,6,2.527436586159141e-07
8.07,0.49139090102639077,77.50002942758579,0,90,3.0,6,6.067543461202937e-07
8.075,0.15739335672107918,77.50007969525397,0,90,3.0,6,1.6432011128453615e-06
8.08,-0.11102342218909485,77.50023533387187,0,90,3.0,6,4.8522447808367e-06
8.085,-0.2314207883647528,77.50071883774795,0,90,3.0,6,1.4821396865024148e-05
8.09,-0.2029124434754801,77.50217579271153,0,90,3.0,6,4.4861705392288955e-05
8.095,-0.11151350554305876,77.50635725002037,0,90,3.0,6,0.00013107732000766818
8.1,-0.039430666652076896,77.51768141331813,0,90,3.0,6,0.0003645652230542177
8.105,-0.006087703519843621,77.54648137072928,0,90,3.0,6,0.0009583787779233389
8.11,0.005350271385530551,77.61508024410816,0,90,3.0,6,0.002372788538312508
8.115,0.010381647827441833,77.76784731218491,0,90,3.0,6,0.005522624993503347
8.12,0.015115203303506243,78.08549326951349,0,90,3.0,6,0.012072026175535917
8.125,0.021170964062928475,78.70138007120593,0,90,3.0,6,0.024770723117648087
8.13,0.029082821134029553,79.81333731768606,0,90,3.0,6,0.047697676653320885
8.135,0.03923107061708144,81.67953161509834,0,90,3.0,6,0.08617590958965651
8.14,0.051969043308817596,84.58445788628454,0,90,3.0,6,0.1460712966244235
8.145,0.06760532616283861,88.76559186610127,0,90,3.0,6,0.23228024466188196
8.15,0.08636519236693461,94.30580224572596,0,90,3.0,6,0.34651138650981356
8.155,0.10834733138818661,101.01908127568012,0,90,3.0,6,0.4849295108387654
8.16,0.1334809643017884,108.37758909741606,0,90,3.0,6,0.6366513215962075
8.165,0.16148868344343945,115.53155299925712,0,90,3.0,6,0.7841557319434457
8.17,0.191860907532018,121.44932005335616,0,90,3.0,6,0.9061715474918796
8.175,0.22384764873847726,125.15631195469562,0,90,3.0,6,0.9826043701999098
8.18,0.25647215537198226,126.0,0,90,3.0,6,1.0
8.185,0.2885689161419028,123.8427949295679,0,90,3.0,6,0.9555215449395443
8.19,0.31884566517832524,119.10508764276156,0,90,3.0,6,0.8578368586136405
8.195,0.3459657668955683,112.64051130847515,0,90,3.0,6,0.7245466249170135
8.2,0.3686441789190902,105.4947173494078,0,90,3.0,6,0.5772106669980989
8.205,0.3857476379544367,98.64157127935391,0,90,3.0,6,0.4359086861722456
8.21,0.3963882865005728,92.7872202864701,0,90,3.0,6,0.3152004182777341
8.215,0.4,88.29055850091387,0,90,3.0,6,0.222485742286884
8.22,0.39638828650057273,85.19499150634792,0,90,3.0,6,0.15865961868758593
8.225,0.38574763795443656,83.32841126591062,0,90,3.0,6,0.1201734281631055
8.23,0.36864417891908974,82.41862451624381,0,90,3.0,6,0.10141493847925381
8.235,0.345965766895568,82.1853521137011,0,90,3.0,6,0.09660519822064124
8.24,0.3188456651783249,82.39306572658664,0,90,3.0,6,0.10088795312549777
8.245,0.28856891614190205,82.86818610804693,0,90,3.0,6,0.11068424965045211
8.25,0.2564721553719815,83.49352503596295,0,90,3.0,6,0.12357783579305044
8.255,0.22384764873847685,84.19327652565775,0,90,3.0,6,0.13800570155995362
8.26,0.19186090753201765,84.91762339581283,0,90,3.0,6,0.1529406885734603
8.265,0.16148868344343878,85.63113017574868,0,90,3.0,6,0.16765216857213774
8.27,0.1334809643017881,86.30565243766684,0,90,3.0,6,0.18155984407560488
8.275,0.10834733138818531,86.91685513029627,0,90,3.0,6,0.19416196144940762
8.28,0.08636519236690572,87.44305757969148,0,90,3.0,6,0.2050114964884842
8.285,0.06760532616242629,87.86533772288807,0,90,3.0,6,0.2137183035647025
8.29,0.05196904332202373,88.16817973634383,0,90,3.0,6,0.21996246879059445
8.295,0.03923107185803287,88.3402384667518,0,90,3.0,6,0.22351007147941854
8.3,0.02908287038705761,88.37498162664085,0,90,3.0,6,0.22422642529156384
8.305,0.02117220077308346,88.27108106749418,0,90,3.0,6,0.22208414572152949
8.31,0.0151361834125735,88.03249098378444,0,90,3.0,6,0.21716476255225653
8.315,0.010626454858290009,87.66819648788929,0,90,3.0,6,0.20965353583276886
8.32,0.007326255555493652,87.19165162443677,0,90,3.0,6,0.1998278685450881
8.325,0.004960179211183015,86.61995488836745,0,90,3.0,6,0.18804030697664836
8.33,0.0032978759379303545,85.97283240911523,0,90,3.0,6,0.1746975754456748
8.335,0.002153242296767213,85.27151291372265,0,90,3.0,6,0.16023737966438445
8.34,0.001380616732225004,84.53758349445417,0,90,3.0,6,0.14510481431864264
8.345,0.0008693106590991584,83.79191110989592,0,90,3.0,6,0.1297301259772355
8.35,0.000537524815942247,83.05370269529314,0,90,3.0,6,0.11450933392356989
8.355,0.0003263951340288585,82.33975866855332,0,90,3.0,6,0.09978883852687248
8.36,0.00019463030985187395,81.66395297564524,0,90,3.0,6,0.08585470052876794
8.365,0.00011397219555062695,81.03695029627794,0,90,3.0,6,0.07292681023253478
8.37,6.55403863487943e-05,80.46615012462807,0,90,3.0,6,0.06115773452841386
8.375,3.701184389455385e-05,79.95583016691808,0,90,3.0,6,0.05063567354470261
8.38,2.0525516217290957e-05,79.50744919237871,0,90,3.0,6,0.04139070499749928
8.385,1.1178128483661116e-05,79.12006270877623,0,90,3.0,6,0.03340335482012848
8.39,5.978135409912517e-06,78.7908034547283,0,90,3.0,6,0.02661450422120217
8.395,3.1396702713238487e-06,78.51538196065025,0,90,3.0,6,0.020935710528871037
8.4,1.6192875458531019e-06,78.28856917829346,0,90,3.0,6,0.016259158315329016
8.405,8.201353897972012e-07,78.1046320774523,0,90,3.0,6,0.012466640772212247
8.41,4.0791415086824765e-07,77.95770283268605,0,90,3.0,6,0.009437171807959853
8.415,1.9923866938774793e-07,77.8420716221398,0,90,3.0,6,0.007053023136903054
8.42,9.556527981051257e-08,77.75240126350023,0,90,3.0,6,0.005204149762891385
8.425,4.501406988770349e-08,77.68386837283725,0,90,3.0,6,0.0037911004708711957
8.43,0.0,77.63224022257143,0,90,3.0,6,0.0027266025272458896
8.435,0.0,77.593899037566,0,90,3.0,7,0.0019360626302268875
8.44,0.0,77.56582634489853,0,90,3.0,7,0.0013572442247118605
8.445,0.0,77.54555954431204,0,90,3.0,7,0.0009393720476709601
8.45,0.0,77.53113149901236,0,90,3.0,7,0.0006418865775744446
8.455,0.0,77.5210020517766,0,90,3.0,7,0.00043303199539392604
8.46,0.0,77.51398828420264,0,90,3.0,7,0.0002884182309822584
8.465,0.0,77.50919831335803,0,90,3.0,7,0.00018965594552633241
8.47,0.0,77.50597163128171,0,90,3.0,7,0.0001231264181795915
8.475,0.0,77.50382753172264,0,90,3.0,7,7.891817984814552e-05
8.48,0.0,77.50242206416318,0,90,3.0,7,4.9939467282149394e-05
8.485,0.0,77.50151319019876,0,90,3.0,7,3.119979791266787e-05
8.49,0.0,77.5009333454743,0,90,3.0,7,1.9244236583388782e-05
8.495,0.0,77.50056837159171,0,90,3.0,7,1.171900189095928e-05
8.5,0.0,77.50034171443933,0,90,3.0,7,7.045658542878787e-06
8.505,0.0,77.50020283146561,0,90,3.0,7,4.182092074523604e-06
8.51,0.0,77.50011886345717,0,90,3.0,7,2.450792931437352e-06
8.515,0.0,77.50006877053725,0,90,3.0,7,1.4179492217356982e-06
8.52,0.0,77.50003928235421,0,90,3.0,7,8.099454475996026e-07
8.525,0.0,77.50002215305511,0,90,3.0,7,4.567640229483398e-07
8.53,0.001684486749771458,77.50001233419412,0,90,3.0,7,2.5431328092204194e-07
8.535,0.004172395771277602,77.50000677998857,0,90,3.0,7,1.39793578701409e-07
8.54,0.009438687428818865,77.50000367949464,0,90,3.0,7,7.586586885858215e-08
8.545,0.019500507867137046,77.50000197146203,0,90,3.0,7,4.064870157768363e-08
8.55,0.03679496976339974,77.50000104286885,0,90,3.0,7,2.150245042272574e-08
8.555,0.06340728953298436,77.50000054464309,0,90,3.0,7,1.1229754354363397e-08
8.56,0.09979255396093453,77.50000028082472,0,90,3.0,7,5.7902004474018806e-09
8.565,0.14343835518453557,77.50000014295512,0,90,3.0,7,2.9475281688477126e-09
8.57,0.18829581417209276,77.50000007184642,0,90,3.0,7,1.481369382258656e-09
8.575,0.2257481735193119,77.50000003564934,0,90,3.0,7,7.350378541794027e-10
8.58,0.24718154073554727,77.5000000174638,0,90,3.0,7,3.6007844586886665e-10
8.585,0.24718154074102772,77.50000000844632,0,90,3.0,7,1.7415094795800654e-10
8.59,0.22574817354072055,77.50000000403308,0,90,3.0,7,8.315635465440153e-11
8.595,0.18829581422840957,77.50000000190128,0,90,3.0,7,3.920174150931116e-11
8.6,0.14343835532456656,77.50000000088491,0,90,3.0,7,1.824556542506451e-11
8.605,0.09979255431561854,77.50000000040662,0,90,3.0,7,8.383818267341751e-12
8.61,0.06340729067170194,77.50000000018447,0,90,3.0,7,3.803527939340973e-12
8.615,0.03679497683410042,77.50000000008262,0,90,3.0,7,1.7035445219419474e-12
8.62,0.019500578284482293,77.50000000003654,0,90,3.0,7,7.53321803562564e-13
8.625,0.009439396781978427,77.50000000001594,0,90,3.0,7,3.2875420598879686e-13
8.63,0.004178588733610924,77.50000000000688,0,90,3.0,7,1.4181553983830453e-13
8.635,0.0017299316936037381,77.50000000000293,0,90,3.0,7,6.035950662539408e-14
8.64,0.0008997325756988589,77.50000000000122,0,90,3.0,7,2.519862897953345e-14
8.645,0.001634769674224814,77.50000000000051,0,90,3.0,7,1.0548263293758189e-14
8.65,0.00614904736476635,77.50000000000021,0,90,3.0,7,4.395109705732579e-15
8.655,0.02168080359963608,77.50000000000009,0,90,3.0,7,1.7580438822930315e-15
8.66,0.06433400338904088,77.50000000000003,0,90,3.0,7,5.860146274310105e-16
8.665,0.1593410769217493,77.50000000000001,0,90,3.0,7,2.9300731371550523e-16
8.67,0.3291989194808569,77.5,0,90,3.0,7,0.0
8.675,0.5672906802982638,77.5,0,90,3.0,7,0.0
8.68,0.815339152120446,77.5,0,90,3.0,7,0.0
8.685,0.9768711246313155,77.50000284455477,1,90,3.0,7,5.865061384095488e-08
8.69,0.9726380909165361,77.50000580215873,0,90,3.0,7,1.1963213866046006e-07
8.695,0.7921091683291741,77.50001275539046,0,90,3.0,7,2.6299774139467264e-07
8.7,0.49139090102639077,77.50003153289097,0,90,3.0,7,6.501627004562926e-07
8.705,0.15739335672107918,77.50008834514392,0,90,3.0,7,1.8215493592205602e-06
8.71,-0.11102342218909485,77.50026962696381,0,90,3.0,7,5.559318841517676e-06
8.715,-0.2314207883647528,77.50084721852477,0,90,3.0,7,1.746842319109944e-05
8.72,-0.2029124434754801,77.50262352697138,0,90,3.0,7,5.4093339616011907e-05
8.725,-0.11151350554305876,77.5078033638614,0,90,3.0,7,0.00016089410023502665
8.73,-0.039430666652076896,77.52199868923158,0,90,3.0,7,0.00045358122126969516
8.735,-0.006087703519843621,77.55839158559259,0,90,3.0,7,0.0012039502184038775
8.74,0.005350271385530551,77.64544907945715,0,90,3.0,7,0.0029989500919000256
8.745,0.010381647827441833,77.83943363242335,0,90,3.0,7,0.006998631596357746
8.75,0.015115203303506243,78.24149114478274,0,90,3.0,7,0.015288477212015301
8.755,0.021170964062928475,79.01552596208309,0,90,3.0,7,0.03124795798109462
8.76,0.029082821134029553,80.39745622062914,0,90,3.0,7,0.059741365373796665
8.765,0.03923107061708144,82.68089569707755,0,90,3.0,7,0.10682259169232053
8.77,0.051969043308817596,86.16349000922408,0,90,3.0,7,0.1786286599840016
8.775,0.06760532616283861,91.04761566539297,0,90,3.0,7,0.27933228176067976
8.78,0.08636519236693461,97.31105705610833,0,90,3.0,7,0.40847540321872833
8.785,0.10834733138818661,104.59124514857123,0,90,3.0,7,0.558582374197345
8.79,0.1334809643017884,112.14479230420652,0,90,3.0,7,0.714325614519722
8.795,0.16148868344343945,118.93414437414808,0,90,3.0,7,0.8543122551370738
8.8,0.191860907532018,123.84829352749307,0,90,3.0,7,0.9556349180926406
8.805,0.22384764873847726,126.0,0,90,3.0,7,1.0
8.81,0.25647215537198226,124.99217715523251,0,90,3.0,7,0.9792201475305672
8.815,0.2885689161419028,121.04437142658236,0,90,3.0,7,0.8978220912697393
8.82,0.31884566517832524,114.92472257434005,0,90,3.0,7,0.7716437644193825
8.825,0.3459657668955683,107.71690768839707,0,90,3.0,7,0.6230290245030324
8.83,0.3686441789190902,100.51955294559312,0,90,3.0,7,0.4746299576410952
8.835,0.3857476379544367,94.19220054499121,0,90,3.0,7,0.3441690834018806
8.84,0.3963882865005728,89.22431615738736,0,90,3.0,7,0.2417384774719044
8.845,0.4,85.7397757016038,0,90,3.0,7,0.16989228250729493
8.85,0.39638828650057273,83.59551274299349,0,90,3.0,7,0.1256806751132679
8.855,0.38574763795443656,82.51202148824075,0,90,3.0,7,0.10334064924207728
8.86,0.36864417891908974,82.18453997599953,0,90,3.0,7,0.09658845311339231
8.865,0.345965766895568,82.35069195328542,0,90,3.0,7,0.10001426707804989
8.87,0.3188456651783249,82.81534105407329,0,90,3.0,7,0.10959466090872755
8.875,0.28856891614190205,83.44684964319964,0,90,3.0,7,0.12261545656081735
8.88,0.2564721553719815,84.16077579935893,0,90,3.0,7,0.1373355834919367
8.885,0.22384764873847685,84.90235137585982,0,90,3.0,7,0.15262580156412006
8.89,0.19186090753201765,85.6331163605077,0,90,3.0,7,0.1676931208352103
8.895,0.16148868344343878,86.32276772136484,0,90,3.0,7,0.1819127365229864
8.9,0.1334809643017881,86.94520055538263,0,90,3.0,7,0.1947464032037655
8.905,0.10834733138818531,87.47723188509201,0,90,3.0,7,0.2057161213421033
8.91,0.08636519236690572,87.89875236903507,0,90,3.0,7,0.2144072653409292
8.915,0.06760532616242629,88.19347427941852,0,90,3.0,7,0.2204840057612067
8.92,0.05196904332202373,88.34978775287364,0,90,3.0,7,0.22370696397677606
8.925,0.03923107185803287,88.36145639506222,0,90,3.0,7,0.22394755453736537
8.93,0.02908287038705761,88.22801050891252,0,90,3.0,7,0.22119609296726842
8.935,0.02117220077308346,87.95477284458106,0,90,3.0,7,0.21556232669239295
8.94,0.0151361834125735,87.55250483419901,0,90,3.0,7,0.20726814091131984
8.945,0.010626454858290009,87.03670299958162,0,90,3.0,7,0.1966330515377654
8.95,0.007326255555493652,86.42660878786413,0,90,3.0,7,0.18405378944049744
8.955,0.004960179211183015,85.74401975485523,0,90,3.0,7,0.16997978875990166
8.96,0.0032978759379303545,85.01200421327506,0,90,3.0,7,0.15488668480979512
8.965,0.002153242296767213,84.25362432761578,0,90,3.0,7,0.13924998613640788
8.97,0.001380616732225004,83.4907645732292,0,90,3.0,7,0.1235209190356536
8.975,0.0008693106590991584,82.74314518763843,0,90,3.0,7,0.10810608634306047
8.98,0.000537524815942247,82.02757644937837,0,90,3.0,7,0.09335209173976027
8.985,0.0003263951340288585,81.35748261877617,0,90,3.0,7,0.07953572409847783
8.99,0.00019463030985187395,80.74269753063376,0,90,3.0,7,0.0668597428996652
8.995,0.00011397219555062695,80.18951010980362,0,90,3.0,7,0.05545381669698187
9.0,6.55403863487943e-05,79.70091970511072,0,90,3.0,7,0.045379787734241665
9.005,3.701184389455385e-05,79.27704937041982,0,90,3.0,7,0.036640193204532316
9.01,2.0525516217290957e-05,78.91566034163318,0,90,3.0,7,0.029188873023364634
9.015,1.1178128483661116e-05,78.61271236828955,0,90,3.0,7,0.022942523057516498
9.02,5.978135409912517e-06,78.36292100843355,0,90,3.0,7,0.017792185740897845
9.025,3.1396702713238487e-06,78.16027286034101,0,90,3.0,7,0.013613873409092989
9.03,1.6192875458531019e-06,77.99847126514554,0,90,3.0,7,0.01027775804423793
9.035,8.201353897972012e-07,77.87129669790625,0,90,3.0,7,0.0076556020186854794
9.04,4.0791415086824765e-07,77.7728766174986,0,90,3.0,7,0.005626322010280338
9.045,1.9923866938774793e-07,77.69786812413626,0,90,3.0,7,0.004079755136830178
9.05,9.556527981051257e-08,77.64156295752402,0,90,3.0,7,0.0029188238664745575
9.055,4.501406988770349e-08,77.59992811506405,0,90,3.0,7,0.0020603735064751677
9.06,0.0,77.56959692327771,0,90,3.0,7,0.0014349881088188555
9.065,0.0,77.54782518554492,0,90,3.0,7,0.0009860862998953192
9.07,0.0,77.53242556585776,0,90,3.0,7,0.0006685683682013222
9.075,0.0,77.52169115816386,0,90,3.0,7,0.000447240374512603
9.08,0.0,77.51431667597406,0,90,3.0,7,0.0002951891953414032
9.085,0.0,77.50932321990186,0,90,3.0,7,0.00019223133818265347
9.09,0.0,77.5059903739918,0,90,3.0,7,0.000123512865810454
9.095,0.0,77.503797573812,0,90,3.0,7,7.830049096894785e-05
9.1,0.0,77.50237532362256,0,90,3.0,7,4.897574479502613e-05
9.105,0.0,77.50146589758421,0,90,3.0,7,3.02246924579589e-05
9.11,0.0,77.5008925832809,0,90,3.0,7,1.840377898765462e-05
9.115,0.0,77.50053623868786,0,90,3.0,7,1.1056467790873172e-05
9.12,0.0,77.50031785702697,0,90,3.0,7,6.553753133424103e-06
9.125,0.0,77.50018589588124,0,90,3.0,7,3.832904767934976e-06
9.13,0.0,77.50010726844758,0,90,3.0,7,2.211720568632784e-06
9.135,0.0,77.50006107148786,0,90,3.0,7,1.2592059353252255e-06
9.14,0.0,77.5000343059368,0,90,3.0,7,7.073389029596677e-07
9.145,0.001684486749771458,77.50001901359956,0,90,3.0,7,3.920329805206381e-07
9.15,0.004172395771277602,77.50001039737434,0,90,3.0,7,2.143788523562293e-07
9.155,0.009438687428818865,77.50000560979892,0,90,3.0,7,1.1566595708714398e-07
9.16,0.019500507867137046,77.50000298631205,0,90,3.0,7,6.157344442332952e-08
9.165,0.03679496976339974,77.50000156851023,0,90,3.0,7,3.2340417079729975e-08
9.17,0.06340728953298436,77.50000081283763,0,90,3.0,7,1.6759538691554346e-08
9.175,0.09979255396093453,77.5000004156086,0,90,3.0,7,8.569249410863177e-09
9.18,0.14343835518453557,77.50000020966674,0,90,3.0,7,4.323025511448859e-09
9.185,0.18829581417209276,77.50000010436113,0,90,3.0,7,2.151775976186006e-09
9.19,0.2257481735193119,77.50000005125219,0,90,3.0,7,1.0567461132952828e-09
9.195,0.24718154073554727,77.5000000248342,0,90,3.0,7,5.120452240908449e-10
9.2,0.24718154074102772,77.50000001187277,0,90,3.0,7,2.447994064045206e-10
9.205,0.22574817354072055,77.5000000056004,0,90,3.0,7,1.1547213128408461e-10
9.21,0.18829581422840957,77.50000000260646,0,90,3.0,7,5.374135043050196e-11
9.215,0.14343835532456656,77.50000000119687,0,90,3.0,7,2.467766197574728e-11
9.22,0.09979255431561854,77.50000000054226,0,90,3.0,7,1.1180573076756249e-11
9.225,0.06340729067170194,77.5000000002424,0,90,3.0,7,4.997825750045373e-12
9.23,0.03679497683410042,77.50000000010691,0,90,3.0,7,2.204294021081746e-12
9.235,0.019500578284482293,77.50000000004653,0,90,3.0,7,9.593059451045642e-13
9.24,0.009439396781978427,77.50000000001998,0,90,3.0,7,4.1196828308400036e-13
9.245,0.004178588733610924,77.50000000000846,0,90,3.0,7,1.7433935166072562e-13
9.25,0.0017299316936037381,77.50000000000354,0,90,3.0,7,7.295882111516081e-14
9.255,0.0008997325756988589,77.50000000000146,0,90,3.0,7,3.017975331269704e-14
9.26,0.001634769674224814,77.5000000000006,0,90,3.0,7,1.230630717605122e-14
9.265,0.00614904736476635,77.50000000000024,0,90,3.0,7,4.9811243331635886e-15
9.27,0.02168080359963608,77.5000000000001,0,90,3.0,7,2.0510511960085364e-15
9.275,0.06433400338904088,77.50000000000004,0,90,3.0,7,8.790219411465157e-16
9.28,0.1593410769217493,77.50000000000001,0,90,3.0,7,2.9300731371550523e-16
9.285,0.3291989194808569,77.5,0,90,3.0,7,0.0
9.29,0.5672906802982638,77.5,0,90,3.0,7,0.0
9.295,0.815339152120446,77.5,0,90,3.0,7,0.0
9.3,0.9768711246313155,77.50000284586159,1,90,3.0,7,5.8677558500516847e-08
9.305,0.9726380909165361,77.50000629728096,0,90,3.0,7,1.2984084456857277e-07
9.31,0.7921091683291741,77.50001537627185,0,90,3.0,7,3.1703653292556127e-07
9.315,0.49139090102639077,77.50004364137234,0,90,3.0,7,8.998221101746915e-07
9.32,0.15739335672107918,77.5001428030023,0,90,3.0,7,2.9443918001022407e-06
9.325,-0.11102342218909485,77.50050352642678,0,90,3.0,7,1.038198818109683e-05
9.33,-0.2314207883647528,77.50178262094701,0,90,3.0,7,3.675507107240283e-05
9.335,-0.2029124434754801,77.50606088006722,0,90,3.0,7,0.00012496659932420952
9.34,-0.11151350554305876,77.51935174728624,0,90,3.0,7,0.00039900509868529455
9.345,-0.039430666652076896,77.5574228580765,0,90,3.0,7,0.0011839764551857031
9.35,-0.006087703519843621,77.65759649112269,0,90,3.0,7,0.003249412188096681
9.355,0.005350271385530551,77.89914273187748,0,90,3.0,7,0.008229747049020112
9.36,0.010381647827441833,78.43187273308936,0,90,3.0,7,0.019213870785347704
9.365,0.015115203303506243,79.50444593943007,0,90,3.0,7,0.04132878225629011
9.37,0.021170964062928475,81.47117187224492,0,90,3.0,7,0.0818798324174211
9.375,0.029082821134029553,84.74544482738037,0,90,3.0,7,0.14939061499753337
9.38,0.03923107061708144,89.67307822221106,0,90,3.0,7,0.2509913035507435
9.385,0.051969043308817596,96.33261951011698,0,90,3.0,7,0.38830143319828836
9.39,0.06760532616283861,104.32847653887275,0,90,3.0,7,0.5531644647190258
9.395,0.08636519236693461,112.6941337851693,0,90,3.0,7,0.7256522429931814
9.4,0.10834733138818661,120.01738868058946,0,90,3.0,7,0.8766471892905043
9.405,0.1334809643017884,124.80962206698277,0,90,3.0,7,0.9754561250924282
9.41,0.16148868344343945,126.0,0,90,3.0,7,1.0
9.415,0.191860907532018,123.33325440989731,0,90,3.0,7,0.9450155548432434
9.42,0.22384764873847726,117.47050131223591,0,90,3.0,7,0.8241340476749672
9.425,0.25647215537198226,109.74004307237868,0,90,3.0,7,0.6647431561315192
9.43,0.2885689161419028,101.6675017333577,0,90,3.0,7,0.4982990048114989
9.435,0.31884566517832524,94.51279670295918,0,90,3.0,7,0.35077931346307584
9.44,0.3459657668955683,89.00163587615437,0,90,3.0,7,0.23714713146710034
9.445,0.3686441789190902,85.30720031649362,0,90,3.0,7,0.16097320240193033
9.45,0.3857476379544367,83.21053795063521,0,90,3.0,7,0.1177430505285611
9.455,0.3963882865005728,82.3155989435297,0,90,3.0,7,0.09929069986659161
9.46,0.4,82.22033662993616,0,90,3.0,7,0.09732652845229188
9.465,0.39638828650057273,82.60568848479885,0,90,3.0,7,0.10527192752162572
9.47,0.38574763795443656,83.25423602491462,0,90,3.0,7,0.11864404175081687
9.475,0.36864417891908974,84.03058868955647,0,90,3.0,7,0.13465131318673126
9.48,0.345965766895568,84.85175663153844,0,90,3.0,7,0.15158261095955539
9.485,0.3188456651783249,85.66283098935766,0,90,3.0,7,0.16830579359500328
9.49,0.28856891614190205,86.42215880504524,0,90,3.0,7,0.18396203721742768
9.495,0.2564721553719815,87.09446520204608,0,90,3.0,7,0.19782402478445527
9.5,0.22384764873847685,87.64890658203976,0,90,3.0,7,0.20925580581525272
9.505,0.19186090753201765,88.05955588038108,0,90,3.0,7,0.21772280165734192
9.51,0.16148868344343878,88.3067490215264,0,90,3.0,7,0.22281956745415257
9.515,0.1334809643017881,88.37843348434859,0,90,3.0,7,0.22429759761543486
9.52,0.10834733138818531,88.27108106749418,0,90,3.0,7,0.22208414572152949
9.525,0.08636519236690572,87.98995966799305,0,90,3.0,7,0.21628782820604223
9.53,0.06760532616242629,87.54870097724898,0,90,3.0,7,0.20718971087111307
9.535,0.05196904332202373,86.9682040011406,0,90,3.0,7,0.19522070105444547
9.54,0.03923107185803287,86.27499482784889,0,90,3.0,7,0.1809277284092554
9.545,0.02908287038705761,85.49922127614067,0,90,3.0,7,0.16493239744619945
9.55,0.02117220077308346,84.67249296015859,0,90,3.0,7,0.14788645278677512
9.555,0.0151361834125735,83.82578066730146,0,90,3.0,7,0.1304284673670404
9.56,0.010626454858290009,82.98756537805674,0,90,3.0,7,0.11314567789807718
9.565,0.007326255555493652,82.18238224147777,0,90,3.0,7,0.09654396374180965
9.57,0.004960179211183015,81.42984661086938,0,90,3.0,7,0.08102776517256445
9.575,0.0032978759379303545,80.74418725350604,0,90,3.0,7,0.06689045883517611
9.58,0.002153242296767213,80.13425496111095,0,90,3.0,7,0.05431453528063824
9.585,0.001380616732225004,79.60392996216407,0,90,3.0,7,0.043379999219877806
9.59,0.0008693106590991584,79.15282292936048,0,90,3.0,7,0.03407882328578314
9.595,0.000537524815942247,78.77715309032607,0,90,3.0,7,0.026333053408784883
9.6,0.0003263951340288585,78.47069136627564,0,90,3.0,7,0.020014254974755563
9.605,0.00019463030985187395,78.22567298208038,0,90,3.0,7,0.01496232952743057
9.61,0.00011397219555062695,78.0336079850161,0,90,3.0,7,0.011002226495177406
9.615,6.55403863487943e-05,77.8859448627957,0,90,3.0,7,0.00795762603702467
9.62,3.701184389455385e-05,77.774567916419,0,90,3.0,7,0.005661194152969119
9.625,2.0525516217290957e-05,77.69213031304977,0,90,3.0,7,0.003961449753603574
9.63,1.1178128483661116e-05,77.63224022257143,0,90,3.0,7,0.0027266025272458896
9.635,5.978135409912517e-06,77.58952675256623,0,90,3.0,7,0.001845912424045961
9.64,3.1396702713238487e-06,77.55961611489822,0,90,3.0,8,0.0012291982453241043
9.645,1.6192875458531019e-06,77.53904775662511,0,90,3.0,8,0.0008051083840228719
9.65,8.201353897972012e-07,77.52515649224952,0,90,3.0,8,0.0005186905618458142
9.655,4.0791415086824765e-07,77.51594137064225,0,90,3.0,8,0.0003286880544794361
9.66,1.9923866938774793e-07,77.50993625694173,0,90,3.0,8,0.00020487127714903218
9.665,9.556527981051257e-08,77.50609174262546,0,90,3.0,8,0.0001256029407310854
9.67,4.501406988770349e-08,77.50367351534108,0,90,3.0,8,7.574258435211144e-05
9.675,0.0,77.50217893235764,0,90,3.0,8,4.492644036365173e-05
9.68,0.0,77.50127123902794,0,90,3.0,8,2.62111139782111e-05
9.685,0.0,77.50072951170684,0,90,3.0,8,1.5041478491477542e-05
9.69,0.0,77.50041177397281,0,90,3.0,8,8.490185006483388e-06
9.695,0.0,77.50022861625077,0,90,3.0,8,4.713737129193141e-06
9.7,0.001684486749771458,77.5001248466469,0,90,3.0,8,2.5741576679986782e-06
9.705,0.004172395771277602,77.50006706072526,0,90,3.0,8,1.3826953661300274e-06
9.71,0.009438687428818865,77.50003543081874,0,90,3.0,8,7.305323451780084e-07
9.715,0.019500507867137046,77.50001841262504,0,90,3.0,8,3.796417533789112e-07
9.72,0.03679496976339974,77.50000941178091,0,90,3.0,8,1.9405733831769523e-07
9.725,0.06340728953298436,77.50000473205176,0,90,3.0,8,9.756807760344806e-08
9.73,0.09979255396093453,77.5000023401772,0,90,3.0,8,4.8251076371521665e-08
9.735,0.14343835518453557,77.50000113833367,0,90,3.0,8,2.347079737436494e-08
9.74,0.18829581417209276,77.50000054464309,0,90,3.0,8,1.1229754354363397e-08
9.745,0.2257481735193119,77.50000025631616,0,90,3.0,8,5.2848691928975124e-09
9.75,0.24718154073554727,77.50000011864832,0,90,3.0,8,2.4463570321834773e-09
9.755,0.24718154074102772,77.50000005402175,0,90,3.0,8,1.1138506016726113e-09
9.76,0.22574817354072055,77.50000002419343,0,90,3.0,8,4.988335243154127e-10
9.765,0.18829581422840957,77.50000001065732,0,90,3.0,8,2.1973849086243342e-10
9.77,0.14343835532456656,77.50000000461763,0,90,3.0,8,9.520891749677512e-11
9.775,0.09979255431561854,77.50000000196795,0,90,3.0,8,4.05762388179506e-11
9.78,0.06340729067170194,77.50000000082495,0,90,3.0,8,1.7009367568498795e-11
9.785,0.03679497683410042,77.50000000034015,0,90,3.0,8,7.013423061094333e-12
9.79,0.019500578284482293,77.50000000013794,0,90,3.0,8,2.844221994236409e-12
9.795,0.009439396781978427,77.50000000005502,0,90,3.0,8,1.1345243187064363e-12
9.8,0.004178588733610924,77.50000000002159,0,90,3.0,8,4.4507810953385243e-13
9.805,0.0017299316936037381,77.50000000000833,0,90,3.0,8,1.7170228583728606e-13
9.81,0.0008997325756988589,77.50000000000317,0,90,3.0,8,6.534063095855766e-14
9.815,0.001634769674224814,77.50000000000118,0,90,3.0,8,2.4319607038386933e-14
9.82,0.00614904736476635,77.50000000000043,0,90,3.0,8,8.790219411465157e-15
9.825,0.02168080359963608,77.50000000000016,0,90,3.0,8,3.2230804508705575e-15
9.83,0.06433400338904088,77.50000000000006,0,90,3.0,8,1.172029254862021e-15
9.835,0.1593410769217493,77.50000000000001,0,90,3.0,8,2.9300731371550523e-16
9.84,0.3291989194808569,77.5,0,90,3.0,8,0.0
9.845,0.5672906802982638,77.5,0,90,3.0,8,0.0
9.85,0.815339152120446,77.5,0,90,3.0,8,0.0
9.855,0.9768711246313155,77.50000285676417,1,90,3.0,8,5.8902354004606695e-08
9.86,0.9726380909165361,77.50000597579871,0,90,3.0,8,1.2321234462949187e-07
9.865,0.7921091683291741,77.50001356552342,0,90,3.0,8,2.7970151376225144e-07
9.87,0.49139090102639077,77.50003497746438,0,90,3.0,8,7.211848325950246e-07
9.875,0.15739335672107918,77.5001028295484,0,90,3.0,8,2.120196874149357e-06
9.88,-0.11102342218909485,77.50032857627353,0,90,3.0,8,6.774768526426116e-06
9.885,-0.2314207883647528,77.50107318995177,0,90,3.0,8,2.212762787150458e-05
9.89,-0.2029124434754801,77.50342722585395,0,90,3.0,8,7.066445059699992e-05
9.895,-0.11151350554305876,77.51043915786184,0,90,3.0,8,0.00021524036828534065
9.9,-0.039430666652076896,77.52995417374301,0,90,3.0,8,0.0006176118297527334
9.905,-0.006087703519843621,77.58048363866507,0,90,3.0,8,0.0016594564673210726
9.91,0.005350271385530551,77.70190353972639,0,90,3.0,8,0.004162959581987377
9.915,0.010381647827441833,77.9722066886246,0,90,3.0,8,0.009736220384012277
9.92,0.015115203303506243,78.52883723691323,0,90,3.0,8,0.02121313890542749
9.925,0.021170964062928475,79.58744640825846,0,90,3.0,8,0.04304013212904037
9.93,0.029082821134029553,81.44316199336016,0,90,3.0,8,0.08130230914144668
9.935,0.03923107061708144,84.43398868669256,0,90,3.0,8,0.1429688389008775
9.94,0.051969043308817596,88.85019363942794,0,90,3.0,8,0.2340246111222256
9.945,0.06760532616283861,94.7938714694461,0,90,3.0,8,0.3565746694731155
9.95,0.08636519236693461,102.02720152947737,0,90,3.0,8,0.5057154954531415
9.955,0.10834733138818661,109.88014675588812,0,90,3.0,8,0.6676318918739819
9.96,0.1334809643017884,117.29290180342403,0,90,3.0,8,0.8204722021324542
9.965,0.16148868344343945,123.0269677988685,0,90,3.0,8,0.9387003669869793
9.97,0.191860907532018,126.0,0,90,3.0,8,1.0
9.975,0.22384764873847726,125.62371847231691,0,90,3.0,8,0.9922416179859157
9.98,0.25647215537198226,122.00127964141313,0,90,3.0,8,0.91755215755491
9.985,0.2885689161419028,115.8942005025768,0,90,3.0,8,0.7916330000531298
9.99,0.31884566517832524,108.47408490095529,0,90,3.0,8,0.6386409257928926
9.995,0.3459657668955683,100.9706790088459,0,90,3.0,8,0.4839315259555857
10.0,0.3686441789190902,94.36101382665612,0,90,3.0,8,0.3476497696217757
10.005,0.3857476379544367,89.2030180856508,0,90,3.0,8,0.2412993419721814
10.01,0.3963882865005728,85.63519025775187,0,90,3.0,8,0.1677358816031314
10.015,0.4,83.49252208582134,0,90,3.0,8,0.12355715640868732
10.02,0.39638828650057273,82.46051258424505,0,90,3.0,8,0.10227860998443405
10.025,0.38574763795443656,82.2037286051027,0,90,3.0,8,0.09698409495057107
10.03,0.36864417891908974,82.44053007862519,0,90,3.0,8,0.1018665995592822
10.035,0.345965766895568,82.9670753901127,0,90,3.0,8,0.11272320391984943
10.04,0.3188456651783249,83.64938531699276,0,90,3.0,8,0.12679144983490234
10.045,0.28856891614190205,84.40302826020769,0,90,3.0,8,0.14233047959191114
10.05,0.2564721553719815,85.17322761248187,0,90,3.0,8,0.15821087860787353
10.055,0.22384764873847685,85.92070708946643,0,90,3.0,8,0.17362282658693676
10.06,0.19186090753201765,86.61369544823104,0,90,3.0,8,0.1879112463552792
10.065,0.16148868344343878,87.22447800411031,0,90,3.0,8,0.2005047011156765
10.07,0.1334809643017881,87.72864249984536,0,90,3.0,8,0.21089984535763637
10.075,0.10834733138818531,88.10562810276168,0,90,3.0,8,0.21867274438683887
10.08,0.08636519236690572,88.33971603156166,0,90,3.0,8,0.22349929961982815
10.085,0.06760532616242629,88.42098031514153,0,90,3.0,8,0.22517485185858835
10.09,0.05196904332202373,88.3459434177633,0,90,3.0,8,0.22362769933532567
10.095,0.03923107185803287,88.11781090723721,0,90,3.0,8,0.21892393623169512
10.1,0.02908287038705761,87.74624109913799,0,90,3.0,8,0.2112627030750101
10.105,0.02117220077308346,87.2466660189184,0,90,3.0,8,0.20096218595708049
10.11,0.0151361834125735,86.63922833639852,0,90,3.0,8,0.18843769765770138
10.115,0.010626454858290009,85.94743581358989,0,90,3.0,8,0.1741739343008225
10.12,0.007326255555493652,85.19665823503733,0,90,3.0,8,0.1586939842275739
10.125,0.004960179211183015,84.41260010523945,0,90,3.0,8,0.14252783722143192
10.13,0.0032978759379303545,83.61987559820312,0,90,3.0,8,0.12618300202480667
10.135,0.002153242296767213,82.84079223906735,0,90,3.0,8,0.11011942760963618
10.14,0.001380616732225004,82.09442009731812,0,90,3.0,8,0.09473031128490972
10.145,0.0008693106590991584,81.39598836660922,0,90,3.0,8,0.080329657043489
10.15,0.000537524815942247,80.75661582638531,0,90,3.0,8,0.06714671806980028
10.155,0.0003263951340288585,80.1833500803319,0,90,3.0,8,0.05532680578003929
10.16,0.00019463030985187395,79.67946586996223,0,90,3.0,8,0.044937440617777914
10.165,0.00011397219555062695,79.24495703495197,0,90,3.0,8,0.03597849556601992
10.17,6.55403863487943e-05,78.87715027435881,0,90,3.0,8,0.028394851017707456
10.175,3.701184389455385e-05,78.57137092730025,0,90,3.0,8,0.022090122212376304
10.18,2.0525516217290957e-05,78.3215997732229,0,90,3.0,8,0.016940201509750515
10.185,1.1178128483661116e-05,78.12107306297722,0,90,3.0,8,0.012805630164478705
10.19,5.978135409912517e-06,77.96279323900905,0,90,3.0,8,0.009542128639361753
10.195,3.1396702713238487e-06,77.83993293743072,0,90,3.0,8,0.007008926544963241
10.2,1.6192875458531019e-06,77.74612822394465,0,90,3.0,8,0.005074808741126842
10.205,8.201353897972012e-07,77.67566753930957,0,90,3.0,8,0.003622011119784988
10.21,4.0791415086824765e-07,77.62359006118383,0,90,3.0,8,0.0025482486842027465
10.215,1.9923866938774793e-07,77.58571118626367,0,90,3.0,8,0.0017672409538900143
10.22,9.556527981051257e-08,77.55859403333916,0,90,3.0,8,0.0012081243987456065
10.225,4.501406988770349e-08,77.53948491533247,0,90,3.0,8,0.0008141219656178489
10.23,0.0,77.52622834922965,0,90,3.0,8,0.0005407907057660757
10.235,0.0,77.51717404646297,0,90,3.0,8,0.0003541040507828716
10.24,0.0,77.51108501381437,0,90,3.0,8,0.0002285569858632187
10.245,0.0,77.50705280332339,0,90,3.0,8,0.00014541862522453333
10.25,0.0,77.50442332894124,0,90,3.0,8,9.1202658582334e-05
10.255,0.0,77.50273463035334,0,90,3.0,8,5.638413099680143e-05
10.26,0.0,77.50166651778338,0,90,3.0,8,3.4361191409839806e-05
10.265,0.0,77.50100111323763,0,90,3.0,8,2.064151005432689e-05
10.27,0.0,77.50059281390932,0,90,3.0,8,1.2222967202503532e-05
10.275,0.0,77.50034603138842,0,90,3.0,8,7.1346678024247484e-06
10.28,0.0,77.50019910150137,0,90,3.0,8,4.105185595171486e-06
10.285,0.0,77.50011292640531,0,90,3.0,8,2.328379490880196e-06
10.29,0.0,77.50006313619457,0,90,3.0,8,1.3017772076149338e-06
10.295,0.001684486749771458,77.50003479551185,0,90,3.0,8,7.17433234048886e-07
10.3,0.004172395771277602,77.50001890296744,0,90,3.0,8,3.897519059840484e-07
10.305,0.009438687428818865,77.50001012275375,0,90,3.0,8,2.087165721628274e-07
10.31,0.019500507867137046,77.50000534354274,0,90,3.0,8,1.1017613894754383e-07
10.315,0.03679496976339974,77.50000278049316,0,90,3.0,8,5.7329755916200773e-08
10.32,0.06340728953298436,77.50000142618646,0,90,3.0,8,2.9405906346808705e-08
10.325,0.09979255396093453,77.50000072109538,0,90,3.0,8,1.4867945884764867e-08
10.33,0.14343835518453557,77.50000035939418,0,90,3.0,8,7.410189245720832e-09
10.335,0.18829581417209276,77.50000017656772,0,90,3.0,8,3.6405716288107815e-09
10.34,0.2257481735193119,77.50000008550933,0,90,3.0,8,1.7630789199719187e-09
10.345,0.24718154073554727,77.50000004082044,0,90,3.0,8,8.416585275234556e-10
10.35,0.24718154074102772,77.50000001920895,0,90,3.0,8,3.960609160223856e-10
10.355,0.22574817354072055,77.50000000891029,0,90,3.0,8,1.8371734374350407e-10
10.36,0.18829581422840957,77.5000000040742,0,90,3.0,8,8.400402481298048e-11
10.365,0.14343835532456656,77.50000000183634,0,90,3.0,8,3.78626980856313e-11
10.37,0.09979255431561854,77.50000000081589,0,90,3.0,8,1.68224289023483e-11
10.375,0.06340729067170194,77.50000000035732,0,90,3.0,8,7.367375896062664e-12
10.38,0.03679497683410042,77.50000000015426,0,90,3.0,8,3.180594390381809e-12
10.385,0.019500578284482293,77.50000000006564,0,90,3.0,8,1.3534007820519186e-12
10.39,0.009439396781978427,77.50000000002754,0,90,3.0,8,5.678481739806491e-13
10.395,0.004178588733610924,77.50000000001138,0,90,3.0,8,2.346988582861197e-13
10.4,0.0017299316936037381,77.50000000000465,0,90,3.0,8,9.581339158497021e-14
10.405,0.0008997325756988589,77.50000000000186,0,90,3.0,8,3.838395809673119e-14
10.41,0.001634769674224814,77.50000000000074,0,90,3.0,8,1.523638031320627e-14
10.415,0.00614904736476635,77.50000000000028,0,90,3.0,8,5.860146274310104e-15
10.42,0.02168080359963608,77.50000000000011,0,90,3.0,8,2.344058509724042e-15
10.425,0.06433400338904088,77.50000000000004,0,90,3.0,8,8.790219411465157e-16
10.43,0.1593410769217493,77.50000000000001,0,90,3.0,8,2.9300731371550523e-16
10.435,0.3291989194808569,77.5,0,90,3.0,8,0.0
10.44,0.5672906802982638,77.5,0,90,3.0,8,0.0
10.445,0.815339152120446,77.5,0,90,3.0,8,0.0
10.45,0.9768711246313155,77.50000284143212,1,90,3.0,8,5.8586229292860976e-08
10.455,0.9726380909165361,77.50000583146736,0,90,3.0,8,1.202364404603547e-07
10.46,0.7921091683291741,77.50001291995002,0,90,3.0,8,2.6639072213640117e-07
10.465,0.49139090102639077,77.50003226688011,0,90,3.0,8,6.652964971509232e-07
10.47,0.15739335672107918,77.50009146729056,0,90,3.0,8,1.8859235166891051e-06
10.475,-0.11102342218909485,77.50028231969486,0,90,3.0,8,5.821024636312247e-06
10.48,-0.2314207883647528,77.50089563317056,0,90,3.0,8,1.8466663310466604e-05
10.485,-0.2029124434754801,77.50279477482674,0,90,3.0,8,5.7624223231740184e-05
10.49,-0.11151350554305876,77.50836230615555,0,90,3.0,8,0.00017241868361952817
10.495,-0.039430666652076896,77.52367979111813,0,90,3.0,8,0.00048824311583767037
10.5,-0.006087703519843621,77.5630506413428,0,90,3.0,8,0.001300013223562846
10.505,0.005350271385530551,77.65735119887681,0,90,3.0,8,0.0032443546160167086
10.51,0.010381647827441833,77.86746710715887,0,90,3.0,8,0.007576641384719037
10.515,0.015115203303506243,78.30236463021275,0,90,3.0,8,0.016543600622943303
10.52,0.021170964062928475,79.13733108826858,0,90,3.0,8,0.03375940388182642
10.525,0.029082821134029553,80.62181224102206,0,90,3.0,8,0.06436726270148568
10.53,0.03923107061708144,83.06062494683303,0,90,3.0,8,0.11465206075944392
10.535,0.051969043308817596,86.75239811914301,0,90,3.0,8,0.19077109524006206
10.54,0.06760532616283861,91.8807685365827,0,90,3.0,8,0.2965106914759321
10.545,0.08636519236693461,98.378581699193,0,90,3.0,8,0.43048622060191766
10.55,0.10834733138818661,105.81484382460435,0,90,3.0,8,0.5838112128784403
10.555,0.1334809643017884,113.37028529184028,0,90,3.0,8,0.7395935111719645
10.56,0.16148868344343945,119.95121217066642,0,90,3.0,8,0.8752827251683799
10.565,0.191860907532018,124.43853022744858,0,90,3.0,8,0.9678047469577027
10.57,0.22384764873847726,126.0,0,90,3.0,8,1.0
10.575,0.25647215537198226,124.34766027518786,0,90,3.0,8,0.9659311396945951
10.58,0.2885689161419028,119.83188579232352,0,90,3.0,8,0.872822387470588
10.585,0.31884566517832524,113.33063921599614,0,90,3.0,8,0.7387760663091988
10.59,0.3459657668955683,105.98251867436208,0,90,3.0,8,0.5872684262755069
10.595,0.3686441789190902,98.87536492166085,0,90,3.0,8,0.4407291736424917
10.6,0.3857476379544367,92.80643509047863,0,90,3.0,8,0.3155965998036831
10.605,0.3963882865005728,88.18058983620915,0,90,3.0,8,0.22021834713833302
10.61,0.4,85.04411319426126,0,90,3.0,8,0.1555487256548713
10.615,0.39638828650057273,83.20164974082076,0,90,3.0,8,0.11755978847053104
10.62,0.38574763795443656,82.35075838790847,0,90,3.0,8,0.10001563686409218
10.625,0.36864417891908974,82.18664603062561,0,90,3.0,8,0.09663187692011567
10.63,0.345965766895568,82.4593416048419,0,90,3.0,8,0.10225446607921435
10.635,0.3188456651783249,82.98936010076446,0,90,3.0,8,0.11318268248998882
10.64,0.28856891614190205,83.65844156520596,0,90,3.0,8,0.12697817660218477
10.645,0.2564721553719815,84.39128642988611,0,90,3.0,8,0.14208837999765173
10.65,0.22384764873847685,85.13833014088996,0,90,3.0,8,0.15749134311113325
10.655,0.19186090753201765,85.86358501918068,0,90,3.0,8,0.1724450519418696
10.66,0.16148868344343878,86.53774164025361,0,90,3.0,8,0.1863451884588374
10.665,0.1334809643017881,87.13514770436207,0,90,3.0,8,0.1986628392651973
10.67,0.10834733138818531,87.63311023993182,0,90,3.0,8,0.20893010803983142
10.675,0.08636519236690572,88.01234649405333,0,90,3.0,8,0.21674941224852232
10.68,0.06760532616242629,88.25784561540895,0,90,3.0,8,0.22181124980224648
10.685,0.05196904332202373,88.35972160168467,0,90,3.0,8,0.22391178560174574
10.69,0.03923107185803287,88.31383084039841,0,90,3.0,8,0.22296558433811153
10.695,0.02908287038705761,88.12203891912183,0,90,3.0,8,0.21901111173447083
10.7,0.02117220077308346,87.79209127073761,0,90,3.0,8,0.21220806743788898
10.705,0.0151361834125735,87.33709330329839,0,90,3.0,8,0.20282666604738944
10.71,0.010626454858290009,86.77464665719775,0,90,3.0,8,0.19122982798345875
10.715,0.007326255555493652,86.12572038682296,0,90,3.0,8,0.1778499048829477
10.72,0.004960179211183015,85.41335773775471,0,90,3.0,8,0.16316201521143728
10.725,0.0032978759379303545,84.6613292794557,0,90,3.0,8,0.1476562738032103
10.73,0.002153242296767213,83.89284106707322,0,90,3.0,8,0.13181115602212826
10.735,0.001380616732225004,83.12939330715007,0,90,3.0,8,0.11606996509587768
10.74,0.0008693106590991584,82.38986307038944,0,90,3.0,8,0.10082191897710183
10.745,0.000537524815942247,81.68985722228209,0,90,3.0,8,0.08638880870684713
10.75,0.0003263951340288585,81.04135260089133,0,90,3.0,8,0.07301757939982123
10.755,0.00019463030985187395,80.45261306492628,0,90,3.0,8,0.060878619895387266
10.76,0.00011397219555062695,79.92835023724436,0,90,3.0,8,0.050069077056584727
10.765,6.55403863487943e-05,79.47007850466264,0,90,3.0,8,0.040620175353868825
10.77,3.701184389455385e-05,79.07660594892458,0,90,3.0,8,0.03250733915308413
10.775,2.0525516217290957e-05,78.74460118423498,0,90,3.0,8,0.025661880087319185
10.78,1.1178128483661116e-05,78.46918052638576,0,90,3.0,8,0.01998310363681971
10.785,5.978135409912517e-06,78.2444689160559,0,90,3.0,8,0.015349874557853478
10.79,3.1396702713238487e-06,78.06409971428411,0,90,3.0,8,0.0116309219440023
10.795,1.6192875458531019e-06,77.92163107405308,0,90,3.0,8,0.008693424207280032
10.8,8.201353897972012e-07,77.8108685318973,0,90,3.0,8,0.006409660451490697
10.805,4.0791415086824765e-07,77.72609363393019,0,90,3.0,8,0.004661724410931766
10.81,1.9923866938774793e-07,77.66220615385751,0,90,3.0,8,0.0033444567805672376
10.815,9.556527981051257e-08,77.6147925595831,0,90,3.0,8,0.0023668568986204967
10.82,4.501406988770349e-08,77.58013598383405,0,90,3.0,8,0.001652288326475351
10.825,0.0,77.55518344728331,0,90,3.0,8,0.0011378030367693226
10.83,0.0,77.53748499883328,0,90,3.0,8,0.0007728865738820285
10.835,0.0,77.52511733723763,0,90,3.0,8,0.0005178832420130192
10.84,0.0,77.51660187395179,0,90,3.0,8,0.0003423066794182526
10.845,0.0,77.51082450507081,0,90,3.0,9,0.00022318567156319368
10.85,0.0,77.5069618779409,0,90,3.0,9,0.000143543875070011
10.855,0.0,77.5044168452331,0,90,3.0,9,9.106897387824837e-05
10.86,0.0,77.50276417401062,0,90,3.0,9,5.699327856952372e-05
10.865,0.0,77.50170642025451,0,90,3.0,9,3.518392277334391e-05
10.87,0.0,77.50103913993615,0,90,3.0,9,2.1425565693892532e-05
10.875,0.0,77.50062420823656,0,90,3.0,9,1.2870272918739032e-05
10.88,0.0,77.50036987278257,0,90,3.0,9,7.626242939602552e-06
10.885,0.0,77.50021619352097,0,90,3.0,9,4.4575983705135985e-06
10.89,0.0,77.5001246523284,0,90,3.0,9,2.5701511009343053e-06
10.895,0.0,77.50007089662091,0,90,3.0,9,1.4617859981804828e-06
10.9,0.0,77.5000397757244,0,90,3.0,9,8.201180289290147e-07
10.905,0.001684486749771458,77.50002201294153,0,90,3.0,9,4.5387508305690605e-07
10.91,0.004172395771277602,77.50001201726069,0,90,3.0,9,2.4777857086603747e-07
10.915,0.009438687428818865,77.50000647143071,0,90,3.0,9,1.3343156100295487e-07
10.92,0.019500507867137046,77.50000343765706,0,90,3.0,9,7.087952694418323e-08
10.925,0.03679496976339974,77.50000180132557,0,90,3.0,9,3.714073333876794e-08
10.93,0.06340728953298436,77.50000093108493,0,90,3.0,9,1.9197627350352085e-08
10.935,0.09979255396093453,77.50000047473779,0,90,3.0,9,9.788408013114397e-09
10.94,0.14343835518453557,77.50000023877328,0,90,3.0,9,4.923160454335133e-09
10.945,0.18829581417209276,77.50000011846365,0,90,3.0,9,2.4425494021417445e-09
10.95,0.2257481735193119,77.50000005797648,0,90,3.0,9,1.1953913139991856e-09
10.955,0.24718154073554727,77.50000002798892,0,90,3.0,9,5.770910896918047e-10
10.96,0.24718154074102772,77.50000001332869,0,90,3.0,9,2.7481829870198784e-10
10.965,0.22574817354072055,77.50000000626119,0,90,3.0,9,1.290966783645419e-10
10.97,0.18829581422840957,77.5000000029013,0,90,3.0,9,5.982066617547126e-11
10.975,0.14343835532456656,77.50000000132616,0,90,3.0,9,2.734344251593095e-11
10.98,0.09979255431561854,77.50000000059795,0,90,3.0,9,1.2328868739207313e-11
10.985,0.06340729067170194,77.50000000026596,0,90,3.0,9,5.483631876185681e-12
10.99,0.03679497683410042,77.50000000011669,0,90,3.0,9,2.4058830529180133e-12
10.995,0.019500578284482293,77.5000000000505,0,90,3.0,9,1.0413479929449055e-12
11.0,0.009439396781978427,77.50000000002156,0,90,3.0,9,4.444920949064214e-13
11.005,0.004178588733610924,77.50000000000908,0,90,3.0,9,1.8723167346420783e-13
11.01,0.0017299316936037381,77.50000000000377,0,90,3.0,9,7.764693813460889e-14
11.015,0.0008997325756988589,77.50000000000155,0,90,3.0,9,3.193779719499007e-14
11.02,0.001634769674224814,77.50000000000063,0,90,3.0,9,1.289232180348223e-14
11.025,0.00614904736476635,77.50000000000024,0,90,3.0,9,4.9811243331635886e-15
11.03,0.02168080359963608,77.5000000000001,0,90,3.0,9,2.0510511960085364e-15
11.035,0.06433400338904088,77.50000000000004,0,90,3.0,9,8.790219411465157e-16
11.04,0.1593410769217493,77.50000000000001,0,90,3.0,9,2.9300731371550523e-16
11.045,0.3291989194808569,77.5,0,90,3.0,9,0.0
11.05,0.5672906802982638,77.5,0,90,3.0,9,0.0
11.055,0.815339152120446,77.5,0,90,3.0,9,0.0
11.06,0.9768711246313155,77.5,1,90,3.0,9,0.0
11.065,0.9726380909165361,77.5,0,90,3.0,9,0.0
11.07,0.7921091683291741,77.5,0,90,3.0,9,0.0
11.075,0.49139090102639077,77.5,0,90,3.0,9,0.0
11.08,0.15739335672107918,77.5,0,90,3.0,9,0.0
11.085,-0.11102342218909485,77.5,0,90,3.0,9,0.0
11.09,-0.2314207883647528,77.5,0,90,3.0,9,0.0
11.095,-0.2029124434754801,77.5,0,90,3.0,9,0.0
11.1,-0.11151350554305876,77.5,0,90,3.0,9,0.0
11.105,-0.039430666652076896,77.5,0,90,3.0,9,0.0
11.11,-0.006087703519843621,77.5,0,90,3.0,9,0.0
11.115,0.005350271385530551,77.5,0,90,3.0,9,0.0
11.12,0.010381647827441833,77.5,0,90,3.0,9,0.0
11.125,0.015115203303506243,77.5,0,90,3.0,9,0.0
11.13,0.021170964062928475,77.5,0,90,3.0,9,0.0
11.135,0.029082821134029553,77.5,0,90,3.0,9,0.0
11.14,0.03923107061708144,77.5,0,90,3.0,9,0.0
11.145,0.051969043308817596,77.5,0,90,3.0,9,0.0
11.15,0.06760532616283861,77.5,0,90,3.0,9,0.0
11.155,0.08636519236693461,77.5,0,90,3.0,9,0.0
11.16,0.10834733138818661,77.5,0,90,3.0,9,0.0
11.165,0.1334809643017884,77.5,0,90,3.0,9,0.0
11.17,0.16148868344343945,77.5,0,90,3.0,9,0.0
11.175,0.191860907532018,77.5,0,90,3.0,9,0.0
11.18,0.22384764873847726,77.5,0,90,3.0,9,0.0
11.185,0.25647215537198226,77.5,0,90,3.0,9,0.0
11.19,0.2885689161419028,77.5,0,90,3.0,9,0.0
11.195,0.31884566517832524,77.5,0,90,3.0,9,0.0
11.2,0.3459657668955683,77.5,0,90,3.0,9,0.0
11.205,0.3686441789190902,77.5,0,90,3.0,9,0.0
11.21,0.3857476379544367,77.5,0,90,3.0,9,0.0
11.215,0.3963882865005728,77.5,0,90,3.0,9,0.0
11.22,0.4,77.5,0,90,3.0,9,0.0
11.225,0.39638828650057273,77.5,0,90,3.0,9,0.0
11.23,0.38574763795443656,77.5,0,90,3.0,9,0.0
11.235,0.36864417891908974,77.5,0,90,3.0,9,0.0
11.24,0.345965766895568,77.5,0,90,3.0,9,0.0
11.245,0.3188456651783249,77.5,0,90,3.0,9,0.0
11.25,0.28856891614190205,77.5,0,90,3.0,9,0.0
11.255,0.2564721553719815,77.5,0,90,3.0,9,0.0
11.26,0.22384764873847685,77.5,0,90,3.0,9,0.0
11.265,0.19186090753201765,77.5,0,90,3.0,9,0.0
11.27,0.16148868344343878,77.5,0,90,3.0,9,0.0
11.275,0.1334809643017881,77.5,0,90,3.0,9,0.0
11.28,0.10834733138818531,77.5,0,90,3.0,9,0.0
11.285,0.08636519236690572,77.5,0,90,3.0,9,0.0
11.29,0.06760532616242629,77.5,0,90,3.0,9,0.0
11.295,0.05196904332202373,77.5,0,90,3.0,9,0.0
11.3,0.03923107185803287,77.5,0,90,3.0,9,0.0
11.305,0.02908287038705761,77.5,0,90,3.0,9,0.0
11.31,0.02117220077308346,77.5,0,90,3.0,9,0.0
11.315,0.0151361834125735,77.5,0,90,3.0,9,0.0
11.32,0.010626454858290009,77.5,0,90,3.0,9,0.0
11.325,0.007326255555493652,77.5,0,90,3.0,9,0.0
11.33,0.004960179211183015,77.5,0,90,3.0,9,0.0
11.335,0.0032978759379303545,77.5,0,90,3.0,9,0.0
11.34,0.002153242296767213,77.5,0,90,3.0,9,0.0
11.345,0.001380616732225004,77.5,0,90,3.0,9,0.0
11.35,0.0008693106590991584,77.5,0,90,3.0,9,0.0
11.355,0.000537524815942247,77.5,0,90,3.0,9,0.0
11.36,0.0003263951340288585,77.5,0,90,3.0,9,0.0
11.365,0.00019463030985187395,77.5,0,90,3.0,9,0.0
11.37,0.00011397219555062695,77.5,0,90,3.0,9,0.0
11.375,6.55403863487943e-05,77.5,0,90,3.0,9,0.0
11.38,3.701184389455385e-05,77.5,0,90,3.0,9,0.0
11.385,2.0525516217290957e-05,77.5,0,90,3.0,9,0.0
11.39,1.1178128483661116e-05,77.5,0,90,3.0,9,0.0
11.395,5.978135409912517e-06,77.5,0,90,3.0,9,0.0
11.4,3.1396702713238487e-06,77.5,0,90,3.0,9,0.0
11.405,1.6192875458531019e-06,77.5,0,90,3.0,9,0.0
11.41,8.201353897972012e-07,77.5,0,90,3.0,9,0.0
11.415,4.0791415086824765e-07,77.5,0,90,3.0,9,0.0
11.42,1.9923866938774793e-07,77.5,0,90,3.0,9,0.0
11.425,9.556527981051257e-08,77.5,0,90,3.0,9,0.0
11.43,4.501406988770349e-08,77.5,0,90,3.0,9,0.0
11.435,0.0,77.5,0,90,3.0,9,0.0
11.44,0.0,77.5,0,90,3.0,9,0.0
11.445,0.0,77.5,0,90,3.0,9,0.0
11.45,0.0,77.5,0,90,3.0,9,0.0
11.455,0.0,77.5,0,90,3.0,9,0.0
11.46,0.0,77.5,0,90,3.0,9,0.0
11.465,0.0,77.5,0,90,3.0,9,0.0
11.47,0.0,77.5,0,90,3.0,9,0.0
11.475,0.0,77.5,0,90,3.0,9,0.0
11.48,0.0,77.5,0,90,3.0,9,0.0
11.485,0.0,77.5,0,90,3.0,9,0.0
11.49,0.0,77.5,0,90,3.0,9,0.0
11.495,0.0,77.5,0,90,3.0,9,0.0
11.5,0.0,77.5,0,90,3.0,9,0.0
11.505,0.0,77.5,0,90,3.0,9,0.0
11.51,0.0,77.5,0,90,3.0,9,0.0
11.515,0.0,77.5,0,90,3.0,9,0.0
11.52,0.0,77.5,0,90,3.0,9,0.0
11.525,0.0,77.5,0,90,3.0,9,0.0
11.53,0.0,77.5,0,90,3.0,9,0.0
11.535,0.0,77.5,0,90,3.0,9,0.0
11.54,0.0,77.5,0,90,3.0,9,0.0
11.545,0.0,77.5,0,90,3.0,9,0.0
11.55,0.0,77.5,0,90,3.0,9,0.0
11.555,0.0,77.5,0,90,3.0,9,0.0
11.56,0.0,77.5,0,90,3.0,9,0.0
11.565,0.0,77.5,0,90,3.0,9,0.0
11.57,0.0,77.5,0,90,3.0,9,0.0
11.575,0.0,77.5,0,90,3.0,9,0.0
11.58,0.0,77.5,0,90,3.0,9,0.0
11.585,0.0,77.5,0,90,3.0,9,0.0
11.59,0.0,77.5,0,90,3.0,9,0.0
11.595,0.0,77.5,0,90,3.0,9,0.0
11.6,0.0,77.5,0,90,3.0,9,0.0
11.605,0.0,77.5,0,90,3.0,9,0.0
11.61,0.0,77.5,0,90,3.0,9,0.0
11.615,0.0,77.5,0,90,3.0,9,0.0
11.62,0.0,77.5,0,90,3.0,9,0.0
11.625,0.0,77.5,0,90,3.0,9,0.0
11.63,0.0,77.5,0,90,3.0,9,0.0
11.635,0.0,77.5,0,90,3.0,9,0.0
11.64,0.0,77.5,0,90,3.0,9,0.0
11.645,0.0,77.5,0,90,3.0,9,0.0
11.65,0.0,77.5,0,90,3.0,9,0.0
11.655,0.0,77.5,0,90,3.0,9,0.0
11.66,0.0,77.5,0,90,3.0,9,0.0
11.665,0.0,77.5,0,90,3.0,9,0.0
11.67,0.0,77.5,0,90,3.0,9,0.0
11.675,0.0,77.5,0,90,3.0,9,0.0
11.68,0.0,77.5,0,90,3.0,9,0.0
11.685,0.0,77.5,0,90,3.0,9,0.0
11.69,0.0,77.5,0,90,3.0,9,0.0
11.695,0.0,77.5,0,90,3.0,9,0.0
11.7,0.0,77.5,0,90,3.0,9,0.0
11.705,0.0,77.5,0,90,3.0,9,0.0
11.71,0.0,77.5,0,90,3.0,9,0.0
11.715,0.0,77.5,0,90,3.0,9,0.0
11.72,0.0,77.5,0,90,3.0,9,0.0
11.725,0.0,77.5,0,90,3.0,9,0.0
11.73,0.0,77.5,0,90,3.0,9,0.0
11.735,0.0,77.5,0,90,3.0,9,0.0
11.74,0.0,77.5,0,90,3.0,9,0.0
11.745,0.0,77.5,0,90,3.0,9,0.0
11.75,0.0,77.5,0,90,3.0,9,0.0
11.755,0.0,77.5,0,90,3.0,9,0.0
11.76,0.0,77.5,0,90,3.0,9,0.0
11.765,0.0,77.5,0,90,3.0,9,0.0
11.77,0.0,77.5,0,90,3.0,9,0.0
11.775,0.0,77.5,0,90,3.0,9,0.0
11.78,0.0,77.5,0,90,3.0,9,0.0
11.785,0.0,77.5,0,90,3.0,9,0.0
11.79,0.0,77.5,0,90,3.0,9,0.0
11.795,0.0,77.5,0,90,3.0,9,0.0
11.8,0.0,77.5,0,90,3.0,9,0.0
11.805,0.0,77.5,0,90,3.0,9,0.0
11.81,0.0,77.5,0,90,3.0,9,0.0
11.815,0.0,77.5,0,90,3.0,9,0.0
11.82,0.0,77.5,0,90,3.0,9,0.0
11.825,0.0,77.5,0,90,3.0,9,0.0
11.83,0.0,77.5,0,90,3.0,9,0.0
11.835,0.0,77.5,0,90,3.0,9,0.0
11.84,0.0,77.5,0,90,3.0,9,0.0
11.845,0.0,77.5,0,90,3.0,9,0.0
11.85,0.0,77.5,0,90,3.0,9,0.0
11.855,0.0,77.5,0,90,3.0,9,0.0
11.86,0.0,77.5,0,90,3.0,9,0.0
11.865,0.0,77.5,0,90,3.0,9,0.0
11.87,0.0,77.5,0,90,3.0,9,0.0
11.875,0.0,77.5,0,90,3.0,9,0.0
11.88,0.0,77.5,0,90,3.0,9,0.0
11.885,0.0,77.5,0,90,3.0,9,0.0
11.89,0.0,77.5,0,90,3.0,9,0.0
11.895,0.0,77.5,0,90,3.0,9,0.0
11.9,0.0,77.5,0,90,3.0,9,0.0
11.905,0.0,77.5,0,90,3.0,9,0.0
11.91,0.0,77.5,0,90,3.0,9,0.0
11.915,0.0,77.5,0,90,3.0,9,0.0
11.92,0.0,77.5,0,90,3.0,9,0.0
11.925,0.0,77.5,0,90,3.0,9,0.0
11.93,0.0,77.5,0,90,3.0,9,0.0
11.935,0.0,77.5,0,90,3.0,9,0.0
11.94,0.0,77.5,0,90,3.0,9,0.0
11.945,0.0,77.5,0,90,3.0,9,0.0
11.95,0.0,77.5,0,90,3.0,9,0.0
11.955,0.0,77.5,0,90,3.0,9,0.0
11.96,0.0,77.5,0,90,3.0,9,0.0
11.965,0.0,77.5,0,90,3.0,9,0.0
11.97,0.0,77.5,0,90,3.0,9,0.0
11.975,0.0,77.5,0,90,3.0,9,0.0
11.98,0.0,77.5,0,90,3.0,9,0.0
11.985,0.0,77.5,0,90,3.0,9,0.0
11.99,0.0,77.5,0,90,3.0,9,0.0
11.995,0.0,77.5,0,90,3.0,9,0.0
